# Created by WEAP: 5/11/2021 9:09:53 AM

# Climate time series data extracted from NetCDF file: \\VIRACOCHA\users\David\Downloads\monthly_MIROC5_rcp85.nc
# Raster grid: 368 rows x 368 columns, (53 N, 125 W) - (30 N, 102 W), 0.062 degree resolution (approximately 7 km)
# Timespan: Monthly, January 2006 - December 2099 (1,128 data points)
# Variables extracted:
#      tavg: tasmax[C]
#      Prcp: pr[mm]

# WEAP Catchment: OR_W_N Santiam (113,197 ha)
# Climate grid intersected and averaged over each elevation band of catchment: 0 - 1000 m (37,645 ha),  1000 - 2000 m (74,435 ha),  2000 - 3000 m (1,117 ha)

"$ListSeparator = ,"
"$DecimalSymbol = ."

$Columns = Year, Month, tavg[C]:Elevation 0 to 1000 m, tavg[C]:Elevation 1000 to 2000 m, tavg[C]:Elevation 2000 to 3000 m, Prcp[mm]:Elevation 0 to 1000 m, Prcp[mm]:Elevation 1000 to 2000 m, Prcp[mm]:Elevation 2000 to 3000 m

2006, 1, 0.4728, -1.455, -5.072, 381.3, 401.7, 455.3
2006, 2, 2.326, 0.4072, -3.133, 433.7, 450.9, 517.5
2006, 3, 2.109, 0.3577, -3.079, 382.2, 399.4, 448.4
2006, 4, 6.57, 4.824, 1.496, 215.9, 229.9, 254.3
2006, 5, 9.076, 7.368, 4.098, 115.5, 112.3, 113.3
2006, 6, 14.45, 12.85, 9.56, 18.08, 17.83, 17.82
2006, 7, 19.25, 17.9, 14.76, 2.49, 3.16, 3.997
2006, 8, 18.24, 16.69, 13.59, 12.45, 13.34, 15.63
2006, 9, 12.75, 10.93, 7.359, 55.51, 53.36, 57.9
2006, 10, 9.391, 7.352, 3.744, 42.06, 45.01, 50.96
2006, 11, 3.355, 1.276, -2.31, 456.3, 451.5, 460.8
2006, 12, 0.3989, -1.592, -5.274, 755.7, 753.7, 817.6
2007, 1, 1.652, -0.156, -3.785, 602.8, 609.4, 659.5
2007, 2, 2.301, 0.2679, -3.364, 317.5, 308, 324
2007, 3, 4.256, 2.434, -0.9935, 261.5, 278, 303.2
2007, 4, 8.541, 6.725, 3.206, 108.6, 104.4, 106.1
2007, 5, 14.71, 13.03, 9.711, 41.42, 43.82, 48.63
2007, 6, 16.39, 14.75, 11.36, 23.64, 26.99, 30.69
2007, 7, 18.37, 16.9, 13.62, 34.53, 32.09, 32.06
2007, 8, 16.76, 15.03, 11.65, 32.2, 30.53, 32.81
2007, 9, 14.27, 12.46, 9.032, 114.9, 119.4, 135.1
2007, 10, 7.418, 5.371, 1.608, 106.6, 111.4, 121.1
2007, 11, 3.513, 1.548, -2.096, 430.1, 443.3, 486.3
2007, 12, -0.7884, -2.725, -6.346, 183.3, 178.9, 182.3
2008, 1, -0.4217, -2.568, -6.463, 254.8, 263.9, 300
2008, 2, 3.487, 1.568, -1.957, 340.2, 338.3, 373.2
2008, 3, 3.279, 1.486, -1.938, 141.5, 143.3, 156.7
2008, 4, 5.907, 4.155, 0.8501, 186.4, 190.6, 201.7
2008, 5, 10.99, 9.414, 6.179, 109.3, 116, 123.8
2008, 6, 14.45, 12.84, 9.54, 56.53, 67.43, 78.35
2008, 7, 19.13, 17.69, 14.5, 17.5, 21.97, 27.84
2008, 8, 16.34, 14.78, 11.57, 79.31, 78.13, 91.02
2008, 9, 15.47, 13.71, 10.15, 76.12, 90.16, 111.3
2008, 10, 12.54, 10.64, 6.945, 83.82, 85.42, 93.1
2008, 11, 4.556, 2.397, -1.389, 115.3, 122.1, 134.5
2008, 12, 0.8315, -0.9741, -4.462, 221, 220.4, 238
2009, 1, 0.9755, -0.9656, -4.593, 374.4, 384.5, 416.7
2009, 2, 2.889, 0.9586, -2.67, 56.17, 56.02, 62.05
2009, 3, 8.679, 6.931, 3.573, 199.1, 218, 244.7
2009, 4, 7.974, 6.215, 2.738, 146.1, 134.8, 127.6
2009, 5, 9.919, 8.33, 4.964, 89.38, 94.81, 103.5
2009, 6, 13.44, 11.76, 8.411, 113.1, 124.2, 136.5
2009, 7, 17.51, 16.06, 12.75, 12.09, 13.88, 16.47
2009, 8, 18.84, 17.21, 13.93, 83.4, 92.58, 115.1
2009, 9, 15.52, 13.84, 10.43, 77.7, 74.8, 79.48
2009, 10, 8.88, 6.824, 3.138, 195.3, 197.3, 215.5
2009, 11, 3.297, 1.117, -2.549, 348.7, 359.7, 384.6
2009, 12, 0.2492, -1.817, -5.478, 378.1, 375.8, 411.2
2010, 1, 0.5827, -1.354, -5.138, 200.3, 208.3, 233.1
2010, 2, 3.359, 1.24, -2.571, 254.4, 257.1, 284.2
2010, 3, 4.5, 2.834, -0.4923, 286.9, 296.2, 315.6
2010, 4, 8.402, 6.654, 3.324, 154.1, 156.4, 166.6
2010, 5, 7.844, 6.1, 2.774, 220.1, 231.8, 254.7
2010, 6, 15.37, 13.74, 10.35, 35.57, 39.51, 41.77
2010, 7, 20.54, 19.22, 16.08, 0.1999, 0.6516, 1.394
2010, 8, 16.36, 14.87, 11.6, 42.19, 41.17, 46.33
2010, 9, 15.83, 13.96, 10.49, 62.81, 63.58, 69.24
2010, 10, 10.54, 8.526, 4.732, 112.2, 121.2, 132.9
2010, 11, 3.873, 1.753, -1.964, 435.2, 444.2, 466.3
2010, 12, 1.268, -0.6941, -4.387, 324.9, 341.1, 371.8
2011, 1, 0.0042, -1.799, -5.276, 289.1, 302.5, 324.7
2011, 2, 0.1537, -1.824, -5.397, 88.92, 91.28, 104.8
2011, 3, 0.6271, -1.391, -4.9, 172.9, 176.3, 195.6
2011, 4, 5.966, 4.226, 0.8186, 184.1, 188.5, 203.3
2011, 5, 8.582, 6.799, 3.455, 106.3, 107.4, 110.3
2011, 6, 12.56, 10.96, 7.732, 160.1, 165.3, 163.5
2011, 7, 19.13, 17.71, 14.5, 20.19, 22.82, 28.67
2011, 8, 20.41, 18.85, 15.58, 1.038, 0.8011, 0.81
2011, 9, 16.21, 14.6, 11.24, 16.43, 15.75, 16.72
2011, 10, 9.675, 7.782, 4.196, 317.1, 319.5, 337.5
2011, 11, 2.926, 0.8568, -2.771, 348.6, 346.4, 373.8
2011, 12, 0.8022, -1.026, -4.818, 319, 328.7, 357.4
2012, 1, 0.8695, -0.8926, -4.408, 253.9, 265, 286.9
2012, 2, 5.358, 3.519, -0.1027, 262.4, 272.4, 291.2
2012, 3, 5.419, 3.607, 0.1704, 399.9, 405.8, 438.4
2012, 4, 4.375, 2.72, -0.5066, 207.1, 201, 201.3
2012, 5, 9.197, 7.612, 4.322, 110.5, 112.6, 130.8
2012, 6, 16.03, 14.42, 11.09, 36.23, 44.78, 54.03
2012, 7, 18.94, 17.37, 14.06, 3.294, 5.767, 9.133
2012, 8, 19.94, 18.18, 14.79, 45.05, 50.34, 62.27
2012, 9, 13.03, 11.07, 7.473, 171.1, 183.8, 209.9
2012, 10, 8.298, 6.393, 2.788, 203.7, 206.2, 223
2012, 11, 5.05, 2.989, -0.7677, 95.3, 102.9, 114
2012, 12, 2.268, 0.3387, -3.326, 235.4, 237.1, 259.9
2013, 1, 1.123, -0.6996, -4.286, 102.6, 104.9, 119.4
2013, 2, 2.959, 1.116, -2.4, 163.2, 164.9, 180
2013, 3, 4.712, 2.81, -0.7062, 216.1, 231.5, 257.5
2013, 4, 7.929, 6.148, 2.739, 103.7, 107.2, 117.4
2013, 5, 11.81, 10.15, 6.768, 124.9, 133, 146.6
2013, 6, 14.7, 13.01, 9.728, 67.69, 81.37, 93.97
2013, 7, 16.9, 15.38, 12.11, 71.06, 81, 98.7
2013, 8, 14.36, 12.61, 9.215, 136.8, 158, 184.6
2013, 9, 15.51, 13.79, 10.45, 219, 214.4, 234.5
2013, 10, 7.858, 5.963, 2.436, 239.6, 249.4, 277.7
2013, 11, 3.944, 1.898, -1.87, 472.1, 466.6, 495.4
2013, 12, 1.401, -0.5928, -4.293, 405.6, 401.7, 425.4
2014, 1, 2.575, 0.7876, -2.773, 311.4, 321.8, 357.5
2014, 2, 1.705, -0.2612, -3.836, 152.8, 166.3, 195
2014, 3, 4.155, 2.364, -1.154, 190.1, 195.8, 216
2014, 4, 7.724, 5.981, 2.508, 213.1, 221.7, 234.4
2014, 5, 9.119, 7.364, 3.915, 125.6, 135.9, 153.2
2014, 6, 18.52, 16.98, 13.78, 10.08, 9.644, 9.13
2014, 7, 17.07, 15.58, 12.45, 31.92, 31.26, 32.07
2014, 8, 16.36, 14.69, 11.4, 19, 20.27, 24.04
2014, 9, 17.13, 15.27, 11.66, 19.99, 21.45, 25.03
2014, 10, 8.666, 6.72, 3.047, 166.6, 167.3, 183.8
2014, 11, 4.49, 2.345, -1.458, 256.6, 272.6, 302.6
2014, 12, 0.7977, -1.143, -4.758, 780.5, 796.3, 848.1
2015, 1, -0.7371, -2.543, -6.107, 858, 837.4, 895.3
2015, 2, 0.3775, -1.531, -5.093, 500.1, 513.6, 567.6
2015, 3, 0.1445, -1.7, -5.061, 472.4, 476.3, 501.9
2015, 4, 8.182, 6.486, 3.161, 74.71, 78.87, 88.39
2015, 5, 8.207, 6.531, 3.22, 195, 193.5, 200.4
2015, 6, 12.02, 10.46, 7.14, 51.8, 61.51, 66.24
2015, 7, 16.86, 15.29, 11.99, 40.68, 39.04, 38.55
2015, 8, 20.62, 18.97, 15.64, 13.3, 15.34, 18.66
2015, 9, 13.94, 12.13, 8.676, 87.29, 91.68, 106.9
2015, 10, 8.924, 7.087, 3.456, 173.3, 177.4, 192.1
2015, 11, 3.523, 1.396, -2.267, 280.2, 286.1, 314.4
2015, 12, 2.189, 0.2519, -3.418, 424.2, 438, 483
2016, 1, -1.379, -3.233, -6.95, 137.3, 141.1, 148.2
2016, 2, 2.964, 1.015, -2.687, 428.7, 429.9, 483.1
2016, 3, 0.279, -1.491, -4.838, 217.4, 218.2, 226.9
2016, 4, 5.519, 3.934, 0.7192, 193.1, 209.2, 239.5
2016, 5, 8.359, 6.578, 3.221, 35.89, 41.52, 47.68
2016, 6, 16.32, 14.72, 11.39, 58.76, 60.73, 62.53
2016, 7, 19.3, 17.72, 14.4, 0.1546, 0.1991, 0.03639
2016, 8, 19.87, 18.42, 15.14, 1.676, 1.309, 1.499
2016, 9, 15.35, 13.51, 10.1, 45.62, 43.32, 45.02
2016, 10, 9.45, 7.522, 3.915, 112.7, 114.4, 122.2
2016, 11, 3.684, 1.639, -2.085, 250, 253.8, 273.8
2016, 12, 2.652, 0.67, -3.044, 466.9, 479.7, 524.5
2017, 1, -1.157, -3.243, -7.154, 272.9, 285.6, 317.9
2017, 2, 1.502, -0.4524, -4.052, 247, 249.8, 269.5
2017, 3, 4.899, 3.047, -0.3775, 177, 191, 218.8
2017, 4, 7.425, 5.693, 2.268, 170.1, 173.5, 182
2017, 5, 14.33, 12.68, 9.386, 28.86, 28.1, 27.34
2017, 6, 17.9, 16.37, 13.13, 14.34, 17.04, 18.21
2017, 7, 18, 16.65, 13.48, 6.923, 6.712, 7.995
2017, 8, 19.16, 17.49, 14.18, 16.54, 19.21, 23.37
2017, 9, 16.27, 14.48, 11.05, 52.27, 53.29, 64.03
2017, 10, 11.79, 9.794, 6.158, 102.5, 100.2, 97.87
2017, 11, 3.266, 1.044, -2.794, 64.64, 70.13, 80.17
2017, 12, 2.866, 0.7714, -2.911, 581.4, 574.8, 622
2018, 1, 1.217, -0.7404, -4.451, 180.4, 194.5, 215.9
2018, 2, 3.086, 0.9794, -2.636, 302.2, 304, 338.6
2018, 3, 4.146, 2.366, -0.9527, 278.2, 287.8, 313.9
2018, 4, 7.253, 5.616, 2.269, 90.19, 86.65, 87.13
2018, 5, 13.92, 12.49, 9.283, 91.77, 103.1, 113.6
2018, 6, 14.66, 12.98, 9.72, 79.19, 84.45, 88.05
2018, 7, 17.69, 16.27, 13.16, 20.03, 19.12, 18.97
2018, 8, 16.61, 14.93, 11.62, 164.6, 165.8, 182.1
2018, 9, 15.47, 13.79, 10.39, 98.37, 98.16, 105.3
2018, 10, 9.808, 7.945, 4.334, 99.3, 94.71, 95.98
2018, 11, 2.584, 0.5206, -3.305, 99.41, 91.95, 93.68
2018, 12, 1.801, -0.1542, -3.802, 208.2, 212.9, 221.5
2019, 1, 0.08857, -1.695, -5.235, 251.2, 260.9, 291.1
2019, 2, 3.373, 1.621, -1.738, 100.5, 99.23, 114.1
2019, 3, 7.501, 5.805, 2.435, 71.46, 77.38, 87.7
2019, 4, 8.247, 6.401, 2.938, 108.9, 108, 112.4
2019, 5, 11.22, 9.76, 6.626, 78.87, 87.99, 99.74
2019, 6, 16.71, 15.11, 11.9, 71.51, 78.77, 85.61
2019, 7, 20.75, 19.19, 15.99, 0.4759, 0.5715, 1.236
2019, 8, 17.98, 16.44, 13.24, 59.65, 58.15, 62.48
2019, 9, 16.88, 15.03, 11.55, 6.43, 8.673, 9.467
2019, 10, 11.4, 9.301, 5.542, 113.8, 118.6, 131.1
2019, 11, 3.465, 1.455, -2.328, 194.8, 211, 239
2019, 12, 1.588, -0.2404, -3.735, 335.9, 350.6, 375.9
2020, 1, 0.6785, -1.265, -4.945, 373.7, 377, 419.9
2020, 2, 5.911, 3.926, 0.2635, 75.24, 74.29, 78.76
2020, 3, 7.184, 5.269, 1.715, 114.9, 115.9, 122.9
2020, 4, 9.451, 7.72, 4.33, 96.24, 98.82, 108.5
2020, 5, 9.498, 7.731, 4.347, 144.2, 144.2, 147.6
2020, 6, 14.45, 12.87, 9.568, 43.22, 51.31, 56.57
2020, 7, 19.3, 17.86, 14.64, 13.35, 14.13, 17.48
2020, 8, 18.54, 17.06, 13.88, 31.48, 30.12, 29.04
2020, 9, 13.17, 11.36, 7.851, 48.59, 54.22, 61.6
2020, 10, 10.37, 8.509, 4.861, 151.6, 166.6, 186.1
2020, 11, 5.249, 3.234, -0.4519, 321.7, 319.5, 337.3
2020, 12, 2.108, 0.04036, -3.636, 583.3, 585.4, 619.7
2021, 1, 2.272, 0.6116, -2.7, 421, 448.7, 494.6
2021, 2, 2.909, 0.927, -2.685, 221.7, 236.2, 272.3
2021, 3, 2.219, 0.3943, -3.062, 403.7, 421.7, 467.9
2021, 4, 5.452, 3.583, 0.06305, 136.2, 144.3, 154
2021, 5, 9.38, 7.599, 4.179, 91.9, 95.54, 107.8
2021, 6, 12.7, 11.21, 7.967, 27.62, 26.39, 28.03
2021, 7, 18.98, 17.52, 14.3, 1.739, 2.533, 3.953
2021, 8, 17.74, 16.01, 12.61, 40.18, 42.06, 49.83
2021, 9, 14.55, 12.83, 9.407, 120.9, 118.4, 133.6
2021, 10, 10.85, 8.911, 5.337, 125, 132.1, 145.5
2021, 11, 4.286, 2.176, -1.538, 431.1, 433, 468.9
2021, 12, 1.59, -0.3713, -3.995, 586.5, 600.9, 661.4
2022, 1, -1.746, -3.788, -7.628, 521.4, 541.1, 594.4
2022, 2, 3.724, 1.56, -2.226, 383.9, 407.9, 468.9
2022, 3, 4.128, 2.344, -1.001, 203.8, 196.5, 204
2022, 4, 6.583, 5.021, 1.788, 212.9, 217.8, 231.5
2022, 5, 10.41, 8.72, 5.317, 116.2, 117.6, 121.8
2022, 6, 13.28, 11.78, 8.55, 68.37, 82.78, 93.79
2022, 7, 17.82, 16.39, 13.24, 18.37, 17.47, 18.18
2022, 8, 19.47, 17.82, 14.55, 53.53, 65.51, 83.49
2022, 9, 15.93, 14.28, 10.87, 90.67, 93.24, 109.2
2022, 10, 9.368, 7.315, 3.693, 124.5, 127.5, 138.5
2022, 11, 2.783, 0.549, -3.327, 311.5, 317.6, 340.4
2022, 12, -3.277, -5.488, -9.339, 358.2, 374.4, 428.9
2023, 1, -2.614, -4.297, -7.835, 185.2, 189.3, 208
2023, 2, 3.316, 1.481, -2.048, 362.1, 375.4, 430.1
2023, 3, 2.041, 0.2693, -3.084, 227.1, 226.1, 242.6
2023, 4, 6.223, 4.366, 0.842, 118.6, 121, 128.9
2023, 5, 10.97, 9.327, 5.95, 117, 125, 137.9
2023, 6, 18.44, 16.93, 13.68, 19.3, 22.86, 27.28
2023, 7, 20.15, 18.64, 15.35, 8.646, 9.987, 11.88
2023, 8, 20.63, 19, 15.75, 5.55, 9.398, 12.5
2023, 9, 16.48, 14.69, 11.2, 45.51, 49.28, 58.33
2023, 10, 10.47, 8.384, 4.581, 69.22, 71.9, 80.78
2023, 11, 2.565, 0.5817, -3.137, 272.1, 288.3, 319.4
2023, 12, 2.963, 1.048, -2.596, 235, 246.1, 267.9
2024, 1, 1.788, -0.1107, -3.767, 381, 390.7, 426.5
2024, 2, 1.639, -0.3389, -3.92, 145.7, 148.4, 165.4
2024, 3, 4.945, 3.124, -0.3655, 175, 176.5, 185.4
2024, 4, 9.496, 7.586, 3.96, 230.5, 224.1, 230.5
2024, 5, 11.17, 9.747, 6.601, 129.9, 137.7, 153.6
2024, 6, 13.97, 12.31, 8.934, 53.8, 63.39, 78.99
2024, 7, 18.55, 17.07, 13.68, 30.81, 35.14, 41.96
2024, 8, 17.81, 16.14, 12.79, 84.32, 97.35, 120.7
2024, 9, 12.93, 11.11, 7.557, 163.4, 163, 182.5
2024, 10, 8.351, 6.193, 2.309, 99.86, 100.6, 110.3
2024, 11, 4.369, 2.365, -1.162, 538.7, 546.5, 580.5
2024, 12, 0.5051, -1.511, -5.321, 88.26, 88.41, 91.4
2025, 1, 1.537, -0.1729, -3.517, 99.04, 99.26, 104.5
2025, 2, 0.992, -0.9337, -4.45, 175.7, 183, 208
2025, 3, 3.692, 1.974, -1.316, 236.3, 246.9, 281.6
2025, 4, 7.425, 5.595, 2.044, 76.51, 77.78, 77.24
2025, 5, 11.87, 10.35, 7.16, 50.84, 54.73, 60.01
2025, 6, 16.52, 14.75, 11.45, 41.67, 43.88, 47.29
2025, 7, 16.76, 15.22, 11.94, 31.05, 34.31, 38.83
2025, 8, 19.24, 17.69, 14.51, 7.008, 7.648, 9
2025, 9, 16.33, 14.49, 11.02, 9.836, 9.689, 10.45
2025, 10, 10.8, 8.962, 5.498, 224.1, 224.7, 237.4
2025, 11, 3.803, 1.666, -2.154, 179.9, 178.2, 185.3
2025, 12, 2.507, 0.566, -3.017, 340, 351, 371.7
2026, 1, 1.564, -0.318, -3.973, 528.4, 537.3, 584
2026, 2, 3.002, 0.9232, -2.735, 329.5, 358.1, 419.7
2026, 3, 1.377, -0.4002, -3.707, 362.5, 366.2, 396.2
2026, 4, 6.769, 4.95, 1.551, 194.4, 192.2, 205
2026, 5, 7.807, 6.255, 3.065, 94.91, 97.13, 104.9
2026, 6, 13.67, 12.14, 8.884, 42.35, 42.47, 46
2026, 7, 17.22, 15.9, 12.8, 3.952, 3.207, 2.75
2026, 8, 19.53, 18.1, 14.88, 7.253, 7.641, 8.413
2026, 9, 18.36, 16.49, 12.92, 15.96, 16.48, 18.39
2026, 10, 11.06, 9.238, 5.721, 189, 189.3, 205.7
2026, 11, 4.119, 2.087, -1.547, 559.7, 571, 603.6
2026, 12, 0.5883, -1.271, -4.878, 560.4, 583.3, 645.9
2027, 1, -0.9463, -2.769, -6.287, 259, 268.6, 303.6
2027, 2, -2.756, -4.807, -8.444, 129, 131.9, 146.1
2027, 3, 5.122, 3.407, 0.02159, 81.49, 79.23, 85.58
2027, 4, 8.295, 6.596, 3.308, 172.9, 179, 189.5
2027, 5, 10.13, 8.591, 5.316, 96.1, 98.64, 105.6
2027, 6, 14.24, 12.81, 9.638, 20.16, 25.35, 29.81
2027, 7, 19.85, 18.39, 15.09, 6.119, 6.887, 7.912
2027, 8, 20.29, 18.61, 15.3, 44.32, 45.71, 53.4
2027, 9, 14.82, 13.11, 9.7, 97.69, 110.9, 133.8
2027, 10, 11.85, 9.992, 6.389, 67.6, 68.9, 74.39
2027, 11, 4.813, 2.805, -0.8335, 486.5, 496.9, 538.9
2027, 12, 2.187, 0.3382, -3.288, 136, 141.1, 153.2
2028, 1, 3.276, 1.523, -2.016, 328, 343.2, 381.9
2028, 2, 3.079, 1.126, -2.355, 323.1, 330.4, 359.7
2028, 3, 3.669, 1.933, -1.436, 146.3, 151.2, 162.7
2028, 4, 8.522, 6.672, 3.213, 161.4, 167.2, 173.5
2028, 5, 9.887, 8.012, 4.502, 255.5, 268, 297
2028, 6, 16.13, 14.46, 11.08, 163.7, 174.7, 178.7
2028, 7, 19.12, 17.57, 14.36, 2.759, 3.727, 6.443
2028, 8, 18.35, 16.77, 13.56, 90.79, 98.25, 115.6
2028, 9, 13.37, 11.54, 8.044, 90.85, 93.84, 107.5
2028, 10, 8.89, 6.846, 3.122, 228.5, 236.5, 255.6
2028, 11, 6.925, 4.707, 0.9556, 247, 244.1, 253.2
2028, 12, 2.154, 0.1306, -3.619, 324, 326, 352.1
2029, 1, 0.407, -1.326, -4.709, 467.4, 504.7, 584.4
2029, 2, 2.656, 0.7028, -2.947, 119.8, 118.7, 125.8
2029, 3, 4.977, 3.25, -0.08084, 201.9, 205.5, 224.5
2029, 4, 7.143, 5.475, 2.132, 249.4, 247, 257.2
2029, 5, 10.16, 8.559, 5.34, 65.12, 65.19, 71.16
2029, 6, 14.69, 13.15, 9.883, 68.81, 71.17, 68.84
2029, 7, 19.01, 17.57, 14.44, 13.43, 10.5, 10.12
2029, 8, 19.5, 17.81, 14.5, 41.39, 40.58, 43.38
2029, 9, 15.25, 13.32, 9.75, 19.39, 21.87, 25.4
2029, 10, 9.818, 8.05, 4.39, 385.2, 391.2, 430.8
2029, 11, 3.777, 1.682, -1.936, 408.5, 425.6, 459
2029, 12, 1.33, -0.6244, -4.151, 487.3, 515.5, 567.3
2030, 1, 1.761, -0.08693, -3.725, 253.8, 260.6, 285.6
2030, 2, 1.344, -0.6412, -4.317, 255.8, 270.6, 314.3
2030, 3, 2.501, 0.722, -2.631, 244, 260.8, 279.7
2030, 4, 7.529, 5.679, 2.243, 143.4, 148.9, 169.9
2030, 5, 10.63, 8.818, 5.386, 53.76, 56.47, 62.72
2030, 6, 15.93, 14.25, 10.93, 34.91, 36.85, 35.57
2030, 7, 20.65, 19.35, 16.25, 0.6214, 0.6539, 0.537
2030, 8, 19.02, 17.31, 13.95, 41.6, 39.79, 45.47
2030, 9, 15.64, 13.83, 10.23, 111.8, 113.8, 132.8
2030, 10, 9.72, 7.689, 3.969, 128.5, 128.3, 137.3
2030, 11, 6.023, 3.945, 0.2161, 460.9, 470.1, 497.3
2030, 12, 1.297, -0.694, -4.386, 413.8, 419, 470.7
2031, 1, 0.5116, -1.372, -5.08, 729, 769.8, 836.1
2031, 2, 3.428, 1.295, -2.423, 434.9, 434.7, 472.8
2031, 3, 1.758, -0.06081, -3.423, 536.4, 551, 593.2
2031, 4, 5.305, 3.709, 0.4267, 165.6, 165.2, 168.8
2031, 5, 9.078, 7.331, 3.961, 99.96, 107.8, 119.1
2031, 6, 16.38, 14.73, 11.44, 81.53, 81.15, 74.1
2031, 7, 16.95, 15.55, 12.29, 19.59, 22.28, 27.97
2031, 8, 18.82, 17.24, 13.93, 33.93, 36.17, 42.94
2031, 9, 14.38, 12.54, 9.031, 56.39, 57.55, 63.45
2031, 10, 9.92, 8.036, 4.463, 199.6, 198.6, 214.1
2031, 11, 4.712, 2.725, -0.9819, 258.9, 277.2, 310.8
2031, 12, 3.017, 1.158, -2.457, 445.1, 442.5, 477.4
2032, 1, -0.8084, -2.442, -5.841, 452.4, 469.5, 515
2032, 2, 2.426, 0.5271, -3.109, 377.6, 368.5, 398.8
2032, 3, 1.304, -0.4821, -3.749, 371.2, 367.5, 381.5
2032, 4, 8.281, 6.513, 3.116, 74.44, 74.61, 77.18
2032, 5, 12.5, 10.92, 7.725, 56.55, 61.45, 69.44
2032, 6, 14.53, 12.94, 9.772, 72.17, 73.01, 77.25
2032, 7, 20.24, 18.85, 15.62, 33.32, 39.2, 47.81
2032, 8, 19.84, 18.32, 15.05, 2.634, 3.03, 3.317
2032, 9, 13.96, 12.11, 8.657, 94.73, 93.77, 106.1
2032, 10, 10.61, 8.692, 5.146, 137.5, 139.6, 152.6
2032, 11, 5.643, 3.76, 0.04415, 223.8, 227.6, 252.4
2032, 12, 2.134, 0.08109, -3.659, 499.7, 495.6, 531.1
2033, 1, 1.078, -0.668, -4.157, 261, 266.8, 290.3
2033, 2, 3.653, 1.531, -2.16, 415, 422.1, 462.2
2033, 3, 4.19, 2.531, -0.7865, 187.5, 202.9, 228.6
2033, 4, 7.527, 5.749, 2.298, 101.7, 107.4, 116.6
2033, 5, 9.111, 7.241, 3.775, 189.6, 184.3, 188.3
2033, 6, 16.29, 14.75, 11.5, 30.28, 31.51, 29.12
2033, 7, 19.79, 18.47, 15.31, 5.305, 5.668, 6.701
2033, 8, 17.51, 16.02, 12.69, 83.15, 85.39, 97.73
2033, 9, 16.66, 14.9, 11.48, 51.97, 52.88, 58.49
2033, 10, 10.52, 8.596, 4.928, 165.6, 179.4, 204.7
2033, 11, 5.414, 3.496, -0.1256, 344.9, 350.8, 365.4
2033, 12, 0.7958, -1.105, -4.707, 105.1, 108.8, 118.3
2034, 1, 0.08906, -1.909, -5.709, 198, 197, 209.1
2034, 2, 5.233, 3.156, -0.4758, 149.2, 149.6, 166.2
2034, 3, 7.197, 5.494, 2.043, 147.3, 139.1, 144.9
2034, 4, 7.845, 6.216, 2.949, 221.2, 229.4, 242.7
2034, 5, 11.96, 10.28, 6.905, 129.6, 143, 161.5
2034, 6, 15.71, 14.21, 10.96, 60.72, 70.65, 80.06
2034, 7, 18.38, 17.12, 14, 14.38, 16.12, 20.13
2034, 8, 17.29, 15.7, 12.42, 105.8, 121.1, 155.1
2034, 9, 16.58, 14.7, 11.14, 24.87, 23.07, 23.81
2034, 10, 8.091, 6.223, 2.683, 385.9, 399.5, 440.2
2034, 11, 3.866, 1.85, -1.836, 413.5, 417.4, 435.8
2034, 12, 1.206, -0.7219, -4.324, 447.3, 458.1, 507.8
2035, 1, 3.67, 2.005, -1.247, 340.5, 366.3, 417.2
2035, 2, 1.637, -0.4057, -3.992, 374.5, 377.5, 404.4
2035, 3, 4.306, 2.346, -1.241, 201.2, 204.4, 220.2
2035, 4, 8.741, 7.054, 3.558, 169.6, 169.2, 171.1
2035, 5, 8.659, 7.011, 3.698, 127.1, 130.1, 136.2
2035, 6, 13.74, 12.33, 9.124, 10.71, 10.49, 9.445
2035, 7, 18.23, 16.94, 13.7, 11.37, 11.53, 13.24
2035, 8, 17.25, 15.65, 12.36, 14.13, 16.99, 21.51
2035, 9, 17.45, 15.74, 12.36, 102.8, 100.2, 107.8
2035, 10, 10.36, 8.362, 4.584, 128.6, 129.5, 143
2035, 11, 5.474, 3.497, -0.0755, 174.3, 168.7, 174.6
2035, 12, 0.1059, -1.838, -5.451, 386.6, 396.3, 441.1
2036, 1, 1.073, -0.8391, -4.479, 692, 708.8, 779.2
2036, 2, 0.2448, -1.634, -5.054, 434.1, 445.2, 484.9
2036, 3, 3.894, 2.207, -1.102, 379.4, 384.3, 411.8
2036, 4, 9.394, 7.66, 4.324, 193.2, 194.9, 206.9
2036, 5, 11.16, 9.606, 6.375, 77.56, 78.05, 83.61
2036, 6, 13.98, 12.41, 9.199, 45.97, 45.62, 42.15
2036, 7, 20.53, 19.14, 15.89, 1.34, 2.445, 4.397
2036, 8, 20.5, 18.95, 15.64, 1.32, 1.029, 1.002
2036, 9, 15.69, 13.88, 10.39, 50.11, 52.35, 60.27
2036, 10, 9.939, 8.008, 4.473, 158.1, 158.2, 176.6
2036, 11, 5.366, 3.268, -0.434, 556.9, 573.2, 617.1
2036, 12, 0.9381, -0.9762, -4.685, 229.4, 239.8, 274.1
2037, 1, -2.517, -4.521, -8.316, 513.1, 540.6, 621.8
2037, 2, 3.393, 1.329, -2.4, 285.8, 295, 330.5
2037, 3, 2.075, 0.2374, -3.205, 615.9, 640.5, 683
2037, 4, 4.576, 2.746, -0.674, 384.9, 399, 427.9
2037, 5, 9.388, 7.618, 4.128, 119.3, 127.6, 143
2037, 6, 16.88, 15.32, 12.03, 18.94, 19.46, 21.36
2037, 7, 19.95, 18.5, 15.19, 0.5558, 0.3675, 0.1185
2037, 8, 16.08, 14.52, 11.23, 3.264, 3.911, 4.037
2037, 9, 13.53, 11.79, 8.341, 122, 120.8, 134.5
2037, 10, 13.09, 11.24, 7.708, 85.1, 78.8, 85.47
2037, 11, 4.009, 1.945, -1.774, 258, 263, 280.1
2037, 12, 3.683, 1.759, -1.738, 572.8, 591.7, 654.9
2038, 1, 2.265, 0.292, -3.504, 491.1, 499.5, 522.9
2038, 2, 5.058, 3.04, -0.6354, 125.6, 132, 146.3
2038, 3, 5.154, 3.368, -0.03252, 160.9, 163, 172.8
2038, 4, 8.411, 6.505, 2.98, 57.5, 57.77, 60.2
2038, 5, 12.96, 11.24, 7.843, 107.3, 112.2, 121.8
2038, 6, 14.1, 12.49, 9.167, 61.12, 61.06, 60.43
2038, 7, 20.4, 19.01, 15.75, 4.462, 4.244, 4.239
2038, 8, 20.66, 19.03, 15.68, 11.22, 12.15, 15.04
2038, 9, 18.36, 16.7, 13.28, 27.74, 28.99, 32.9
2038, 10, 11.03, 9.039, 5.362, 125.5, 125.8, 132.7
2038, 11, 5.634, 3.529, -0.1798, 657.2, 682.5, 731.6
2038, 12, 1.024, -0.9082, -4.625, 269.1, 270.4, 280.4
2039, 1, 0.3335, -1.367, -4.775, 215.1, 219.3, 244.5
2039, 2, 0.03872, -1.95, -5.497, 114.5, 116.3, 125.3
2039, 3, 5.912, 4.18, 0.8918, 166, 162.9, 170.7
2039, 4, 8.479, 6.75, 3.404, 211.8, 207.6, 218.4
2039, 5, 12.19, 10.56, 7.11, 98.96, 93.64, 95.8
2039, 6, 15.71, 14.04, 10.66, 21.6, 27.87, 33.05
2039, 7, 20.81, 19.4, 16.22, 0.7754, 0.8145, 1.321
2039, 8, 19.17, 17.67, 14.44, 6.634, 7.473, 8.003
2039, 9, 16.5, 14.73, 11.3, 101.1, 100.2, 112.7
2039, 10, 10.59, 8.695, 5.129, 140.4, 146.3, 167
2039, 11, 4.313, 2.266, -1.349, 533.8, 534.2, 572
2039, 12, 3.508, 1.686, -1.784, 714.2, 714.4, 778.4
2040, 1, 1.255, -0.5895, -4.148, 346.9, 351, 377.7
2040, 2, 2.55, 0.4706, -3.259, 236.8, 235.1, 252.9
2040, 3, 3.938, 2.117, -1.241, 302.5, 322, 351
2040, 4, 5.514, 3.599, -0.07939, 113.4, 117.4, 126.9
2040, 5, 17.55, 15.75, 12.3, 42.38, 53.87, 69.62
2040, 6, 14.42, 12.93, 9.678, 63.46, 60.72, 57.55
2040, 7, 18.99, 17.73, 14.56, 6.278, 6.892, 9.383
2040, 8, 21.45, 19.96, 16.65, 13.91, 12.49, 11.55
2040, 9, 17.37, 15.49, 12, 10.3, 10.4, 10.3
2040, 10, 12.6, 10.67, 7.032, 126.1, 125.1, 131.4
2040, 11, 4.767, 2.67, -1.067, 325.5, 323.4, 341.4
2040, 12, 2.464, 0.2378, -3.622, 96.3, 96.85, 104
2041, 1, 0.3246, -1.593, -5.244, 237.1, 243.7, 265.3
2041, 2, 3.265, 1.183, -2.493, 360.9, 365.2, 405.1
2041, 3, 3.213, 1.293, -2.117, 168.3, 167.1, 169.3
2041, 4, 4.861, 3.153, -0.1801, 277.3, 278.4, 281.1
2041, 5, 11.56, 9.909, 6.699, 185.7, 194.2, 206.9
2041, 6, 14.44, 12.98, 9.764, 25.18, 26.64, 26.43
2041, 7, 18.13, 16.87, 13.81, 3.321, 3.673, 3.985
2041, 8, 16.95, 15.54, 12.47, 48.65, 46.44, 50.38
2041, 9, 15.05, 13.36, 10.02, 63.49, 66.72, 77.44
2041, 10, 12.15, 10.31, 6.713, 235.2, 248.5, 281.2
2041, 11, 3.481, 1.424, -2.339, 545.1, 570.6, 632.6
2041, 12, 1.319, -0.508, -4.056, 524.1, 547.4, 606.1
2042, 1, 0.5333, -1.254, -4.778, 384.3, 400.9, 449.5
2042, 2, 1.509, -0.5942, -4.359, 213.5, 231.4, 270.6
2042, 3, 4.911, 3.026, -0.4336, 341.1, 345.9, 383.9
2042, 4, 10.37, 8.818, 5.629, 143.8, 150.6, 166
2042, 5, 11.22, 9.541, 6.175, 144.5, 149.1, 162.1
2042, 6, 15.21, 13.63, 10.33, 143.3, 162.2, 180.7
2042, 7, 18.74, 17.37, 14.14, 6.87, 8.2, 10.23
2042, 8, 23.06, 21.62, 18.36, 40.53, 49.25, 60.62
2042, 9, 16.75, 14.98, 11.46, 39.82, 42.81, 51.56
2042, 10, 10.72, 8.675, 4.933, 129.4, 130.9, 141
2042, 11, 5.15, 3.262, -0.25, 476.9, 486.6, 523.6
2042, 12, 2.886, 1.049, -2.512, 565.9, 602.7, 687.2
2043, 1, 3.851, 2.043, -1.52, 125.3, 120, 130.9
2043, 2, 2.869, 0.7262, -3.094, 46.93, 46.87, 49.49
2043, 3, 5.498, 3.824, 0.47, 144.3, 136.7, 141.1
2043, 4, 6.837, 5.038, 1.677, 158.5, 150.4, 156.4
2043, 5, 11.05, 9.266, 5.839, 121.7, 129.6, 135.4
2043, 6, 17.81, 16.42, 13.26, 8.789, 9.446, 10.06
2043, 7, 17.58, 16.36, 13.29, 9.694, 10.28, 11.8
2043, 8, 16.49, 14.98, 11.78, 84.86, 94.56, 126.2
2043, 9, 15.54, 13.76, 10.4, 77.54, 75.04, 79.74
2043, 10, 9.91, 7.94, 4.279, 86.92, 81.03, 86.5
2043, 11, 6.711, 4.676, 0.9021, 352.9, 344.1, 362
2043, 12, 2.763, 0.7949, -2.809, 336.1, 340.1, 373.2
2044, 1, 3.815, 1.813, -1.983, 122.1, 128.4, 144.4
2044, 2, 2.028, 0.1277, -3.445, 285, 295.5, 327.9
2044, 3, 2.443, 0.6175, -2.71, 240.8, 238.2, 255.1
2044, 4, 6.423, 4.754, 1.609, 282.2, 284.2, 304.6
2044, 5, 12.44, 10.68, 7.358, 58.2, 53.28, 52.97
2044, 6, 14.81, 13.17, 9.83, 79.52, 95.59, 115.3
2044, 7, 20.12, 18.66, 15.4, 26.65, 32.65, 38.97
2044, 8, 19.57, 18.15, 14.93, 10.95, 11.41, 11.1
2044, 9, 17.95, 16.12, 12.62, 22.19, 21.99, 24.27
2044, 10, 9.177, 7.228, 3.613, 257.8, 267.5, 293.8
2044, 11, 6.471, 4.433, 0.6609, 292, 297.8, 330.3
2044, 12, 2.469, 0.5103, -3.109, 516.6, 516.8, 545.3
2045, 1, -0.2927, -2.145, -5.813, 609.1, 623.4, 696.7
2045, 2, 2.96, 0.8462, -2.938, 470.3, 475.3, 522.1
2045, 3, 5.532, 3.595, 0.08149, 95.97, 97.92, 98.63
2045, 4, 4.232, 2.532, -0.8331, 176.1, 187.1, 203.3
2045, 5, 13.96, 12.08, 8.641, 52.32, 56.93, 65.02
2045, 6, 15.6, 14.15, 10.83, 23.34, 23.6, 22.91
2045, 7, 18.18, 17, 14, 10.84, 11.75, 12.45
2045, 8, 17.1, 15.67, 12.47, 11.43, 12.32, 13.76
2045, 9, 17.29, 15.49, 11.97, 32.84, 29.97, 30.43
2045, 10, 10.46, 8.596, 5.121, 285.8, 284, 305.5
2045, 11, 5.44, 3.466, -0.01912, 429.8, 435, 466
2045, 12, 2.103, 0.2041, -3.349, 592.2, 599, 643.7
2046, 1, 0.8144, -1.037, -4.568, 850.2, 872.5, 965.3
2046, 2, -0.9781, -3.285, -7.16, 275.4, 292.5, 327.3
2046, 3, 4.139, 2.294, -1.19, 304.7, 310.7, 328.5
2046, 4, 8.788, 7.098, 3.926, 200.3, 210.7, 230.6
2046, 5, 10.67, 9.008, 5.727, 37.99, 37.2, 36.8
2046, 6, 14.39, 12.7, 9.362, 31.69, 35.87, 39.47
2046, 7, 20.88, 19.55, 16.38, 9.618, 11.93, 14.73
2046, 8, 20.55, 19.08, 15.91, 37.33, 45.46, 59.67
2046, 9, 17.14, 15.2, 11.68, 98.94, 96.83, 106.4
2046, 10, 12.61, 10.63, 6.906, 10.17, 10.95, 11.98
2046, 11, 5.17, 3.171, -0.5155, 126.1, 120.7, 127.6
2046, 12, 4.38, 2.563, -0.8873, 287, 289.7, 303.5
2047, 1, 2.684, 0.9416, -2.512, 434.7, 445.9, 496.8
2047, 2, 3.406, 1.134, -2.658, 232.2, 228.5, 242.4
2047, 3, 4.083, 2.295, -1.055, 265.8, 271.3, 286.4
2047, 4, 4.76, 2.977, -0.3237, 269.6, 276.6, 283.3
2047, 5, 12.57, 10.85, 7.532, 62.13, 72.8, 85.66
2047, 6, 12.17, 10.6, 7.345, 172.7, 187.3, 191.7
2047, 7, 19.33, 18.02, 14.77, 9.544, 9.127, 9.114
2047, 8, 19.62, 18.18, 14.96, 44.26, 45.4, 47.74
2047, 9, 18.4, 16.59, 13.15, 41.29, 42.77, 48.71
2047, 10, 11.22, 9.263, 5.654, 195.5, 204.2, 217.6
2047, 11, 3.102, 0.9557, -2.808, 400.9, 404.7, 432.7
2047, 12, 3.062, 1.046, -2.679, 209.9, 219.6, 241.2
2048, 1, -0.2958, -2.145, -5.776, 253.5, 268.6, 297.1
2048, 2, 2.059, -0.02957, -3.661, 247.1, 246, 262.9
2048, 3, 7.603, 5.964, 2.648, 80.45, 83.14, 87.71
2048, 4, 10.78, 9.151, 5.954, 204.8, 209.9, 231
2048, 5, 11.78, 10.11, 6.893, 92.95, 95.39, 101.4
2048, 6, 14.77, 13.13, 9.729, 131.3, 140.6, 146.4
2048, 7, 20.35, 19.16, 16.03, 49.62, 58.44, 69.54
2048, 8, 18.56, 17, 13.78, 50.91, 55.29, 66.22
2048, 9, 14.56, 12.69, 9.26, 96.17, 95.19, 104.6
2048, 10, 8.584, 6.701, 3.095, 195.9, 195.7, 213.8
2048, 11, 6.455, 4.423, 0.7168, 218.2, 227.7, 245.7
2048, 12, 0.831, -0.9318, -4.459, 364.1, 354.6, 361.5
2049, 1, 2.295, 0.378, -3.275, 314, 323.3, 352.7
2049, 2, 2.597, 0.4725, -3.184, 165.1, 164.8, 178.2
2049, 3, 2.374, 0.465, -3.032, 355.1, 365.5, 394.2
2049, 4, 9.272, 7.766, 4.587, 66.76, 70.92, 75.64
2049, 5, 8.919, 7.218, 3.925, 101.1, 93.28, 88.9
2049, 6, 15.95, 14.27, 10.91, 88.94, 92.46, 98.95
2049, 7, 18.98, 17.83, 14.76, 0.9087, 1.396, 2.523
2049, 8, 20.16, 18.73, 15.55, 7.479, 9.677, 12.91
2049, 9, 18.62, 16.73, 13.22, 44.04, 43.17, 44.12
2049, 10, 10.95, 8.976, 5.296, 177.2, 184.6, 194.5
2049, 11, 2.454, 0.4005, -3.204, 844.2, 870.4, 942.9
2049, 12, 2.115, 0.06085, -3.634, 291.7, 304.3, 341.4
2050, 1, -0.09084, -2.012, -5.676, 469.2, 459.4, 497
2050, 2, 1.665, -0.5133, -4.326, 216, 217.2, 244.9
2050, 3, 4.473, 2.642, -0.7384, 212.3, 220.2, 240.3
2050, 4, 9.477, 7.804, 4.554, 76.8, 70.67, 69.03
2050, 5, 12.39, 10.77, 7.525, 16.66, 19.39, 21.99
2050, 6, 15.3, 13.77, 10.63, 23.74, 28.04, 30.29
2050, 7, 20.71, 19.55, 16.51, 0.1653, 0.6482, 1.014
2050, 8, 21.43, 19.95, 16.72, 12.75, 11.41, 12.07
2050, 9, 15.33, 13.45, 9.956, 46.64, 49.53, 53.23
2050, 10, 11.12, 9.332, 5.763, 170.3, 172.7, 193.3
2050, 11, 3.057, 1.095, -2.555, 255.2, 254, 275
2050, 12, 1.197, -0.7394, -4.368, 739.8, 754.4, 824.5
2051, 1, 0.07239, -1.63, -5.082, 664, 667.4, 720.2
2051, 2, 1.835, -0.4594, -4.249, 311.8, 319.1, 352.3
2051, 3, 3.565, 1.623, -1.93, 160.3, 169, 181.2
2051, 4, 7.096, 5.441, 2.211, 172.5, 175.6, 183.2
2051, 5, 8.818, 7.091, 3.705, 85.36, 83.72, 86.68
2051, 6, 18.04, 16.47, 13.15, 6.514, 10.36, 12.21
2051, 7, 19.11, 17.78, 14.56, 12.42, 13.58, 15.69
2051, 8, 20.25, 18.76, 15.53, 23.39, 21.2, 22.18
2051, 9, 18.33, 16.65, 13.21, 35.9, 33.16, 31.19
2051, 10, 11.96, 10.11, 6.595, 165.4, 164.2, 173.2
2051, 11, 6.921, 5.002, 1.44, 395.8, 409, 434
2051, 12, 0.8632, -1.03, -4.561, 136.7, 124.3, 128.6
2052, 1, 3.367, 1.449, -2.099, 732.7, 767.6, 844.7
2052, 2, 3.126, 0.9944, -2.674, 277.7, 288, 327.6
2052, 3, 0.5678, -1.239, -4.505, 261.4, 272.5, 308.3
2052, 4, 9.985, 8.068, 4.615, 101, 102.4, 108
2052, 5, 12.08, 10.39, 7.025, 48.57, 51.8, 58.78
2052, 6, 15.82, 14.27, 10.87, 74.82, 83.13, 96.1
2052, 7, 18.07, 16.6, 13.38, 51.14, 58.47, 69.81
2052, 8, 20.83, 19.14, 15.73, 85.02, 85.24, 96.27
2052, 9, 18.23, 16.4, 13.01, 29.5, 29.62, 31.5
2052, 10, 10.13, 8.192, 4.589, 343.1, 341, 368
2052, 11, 4.174, 2.06, -1.678, 336.5, 345.7, 372.2
2052, 12, 3.52, 1.494, -2.274, 384.8, 395.8, 426.7
2053, 1, 3.882, 2.044, -1.513, 632.2, 669.7, 761
2053, 2, 4.389, 2.152, -1.59, 292.4, 309.9, 346.2
2053, 3, 6.344, 4.525, 1.103, 212.6, 220, 241.2
2053, 4, 8.681, 6.949, 3.572, 189.3, 195.8, 210.5
2053, 5, 10.92, 9.378, 6.095, 204.1, 211, 232.8
2053, 6, 18.07, 16.56, 13.33, 63.04, 69.69, 77.89
2053, 7, 21.15, 19.96, 16.94, 26, 31.82, 40.08
2053, 8, 21.56, 20.09, 16.84, 1.425, 1.709, 2.27
2053, 9, 18.02, 16.23, 12.87, 112.2, 122.8, 150.3
2053, 10, 10.25, 8.286, 4.579, 222.7, 224.4, 235.3
2053, 11, 5.386, 3.488, -0.09009, 384.2, 403.2, 437.5
2053, 12, 4.657, 2.889, -0.6513, 275.4, 278, 312.3
2054, 1, 2.991, 1.34, -2.037, 281.9, 270.8, 275.8
2054, 2, 4.797, 2.757, -0.7685, 334.2, 345.7, 387.5
2054, 3, 3.786, 1.992, -1.399, 366.6, 378.2, 413.3
2054, 4, 9.311, 7.376, 3.824, 185.3, 191.9, 206.7
2054, 5, 9.157, 7.387, 3.94, 173.9, 180.6, 188.3
2054, 6, 11.11, 9.522, 6.206, 118.3, 119.8, 126.3
2054, 7, 19.83, 18.51, 15.36, 0.3414, 0.5547, 0.4201
2054, 8, 19.94, 18.51, 15.27, 11.07, 13.87, 18.12
2054, 9, 16.76, 14.97, 11.54, 39.37, 33.1, 28.9
2054, 10, 10.41, 8.304, 4.541, 160.8, 162.5, 178.3
2054, 11, 4.046, 1.935, -1.723, 159.2, 158.7, 168.1
2054, 12, 3.11, 1.278, -2.308, 332.2, 342.9, 386.1
2055, 1, 4.414, 2.457, -1.165, 444.4, 472.7, 537.6
2055, 2, 4.837, 2.836, -0.7217, 107.8, 106.9, 119.1
2055, 3, 5.6, 3.786, 0.2572, 163.6, 172.5, 184.8
2055, 4, 9.285, 7.5, 4.099, 136.7, 133.6, 137.6
2055, 5, 11.22, 9.665, 6.365, 116.6, 125.9, 145.7
2055, 6, 17.46, 15.89, 12.61, 44.37, 54.63, 66.17
2055, 7, 18.98, 17.79, 14.61, 10.75, 8.227, 7.265
2055, 8, 19.76, 18.39, 15.21, 37.52, 35.64, 37.36
2055, 9, 16.73, 14.69, 11.13, 48.84, 51.47, 58.73
2055, 10, 10.69, 8.894, 5.379, 337.8, 349.5, 373
2055, 11, 3.337, 1.247, -2.389, 758.1, 801.7, 876.3
2055, 12, 2.063, 0.02653, -3.715, 532.4, 525.8, 569.1
2056, 1, 0.5883, -1.182, -4.666, 370.8, 371.2, 390
2056, 2, 2.991, 0.8178, -2.959, 255.6, 264, 296.6
2056, 3, 3.02, 1.072, -2.455, 252.4, 252.3, 284.3
2056, 4, 9.635, 7.927, 4.543, 84.84, 89.05, 100.3
2056, 5, 12.63, 10.96, 7.596, 85.25, 91.43, 103.2
2056, 6, 14.19, 12.49, 9.139, 109.3, 118.4, 126.9
2056, 7, 18.39, 17.16, 14.03, 55.22, 68.98, 87.84
2056, 8, 21.57, 20.24, 17.07, 6.342, 6.093, 5.911
2056, 9, 16.96, 15.09, 11.57, 30.28, 29.48, 29.09
2056, 10, 10.86, 8.816, 5.061, 196.1, 190.4, 198.8
2056, 11, 4.587, 2.509, -1.205, 297, 288.5, 303
2056, 12, 1.457, -0.4835, -4.03, 459.8, 460.5, 490.1
2057, 1, -4.079, -6.12, -9.931, 380.2, 408.3, 455.4
2057, 2, 3.729, 1.448, -2.385, 428.2, 448.1, 495.2
2057, 3, 3.341, 1.656, -1.694, 103, 101.7, 104.8
2057, 4, 5.62, 3.912, 0.6873, 189, 187.1, 207.9
2057, 5, 11.96, 10.15, 6.742, 71.67, 80.24, 91.13
2057, 6, 18.98, 17.41, 14.04, 2.265, 3.009, 4.274
2057, 7, 21, 19.48, 16.11, 11.04, 13.72, 19.2
2057, 8, 20.15, 18.8, 15.61, 4.755, 4.487, 4.761
2057, 9, 19.07, 17.13, 13.63, 34.58, 31.69, 35.04
2057, 10, 13.13, 11.23, 7.677, 61.14, 65.11, 72.74
2057, 11, 4.893, 2.8, -0.8534, 1053, 1099, 1196
2057, 12, 3.482, 1.642, -1.921, 252.2, 245.5, 263.6
2058, 1, 2.799, 0.8166, -2.853, 274.8, 287.7, 322.3
2058, 2, -1.075, -3.487, -7.442, 406.4, 415.4, 461
2058, 3, 3.362, 1.609, -1.687, 266.4, 279.2, 300.9
2058, 4, 6.818, 4.85, 1.371, 147.4, 145, 151.9
2058, 5, 13.1, 11.46, 8.236, 123, 128.3, 136.9
2058, 6, 15.11, 13.51, 10.14, 136.1, 151, 162.3
2058, 7, 20.2, 18.88, 15.72, 37.47, 41.55, 48.9
2058, 8, 20.65, 19.11, 15.87, 17.32, 20.54, 26.48
2058, 9, 18.29, 16.39, 12.89, 23.28, 24.48, 28.58
2058, 10, 10.87, 8.831, 5.074, 174.9, 178.9, 191.8
2058, 11, 4.629, 2.498, -1.26, 182.9, 183.2, 205.1
2058, 12, -0.9366, -2.839, -6.553, 132.1, 136.2, 154.5
2059, 1, 2.07, 0.2611, -3.331, 372.9, 374.3, 403.2
2059, 2, 2.646, 0.6263, -2.895, 132.7, 139.8, 150.3
2059, 3, 4.684, 2.776, -0.6868, 154.1, 154.5, 157.7
2059, 4, 7.163, 5.518, 2.257, 94.47, 92.89, 96.48
2059, 5, 15.27, 13.59, 10.23, 32.5, 30.73, 30.71
2059, 6, 16.28, 14.71, 11.39, 77.2, 85.88, 92.23
2059, 7, 19.55, 18.21, 14.96, 21.55, 25.31, 30
2059, 8, 22.81, 21.24, 17.98, 13.91, 16.14, 21.1
2059, 9, 18.29, 16.51, 12.99, 72.87, 77.7, 91.84
2059, 10, 11.35, 9.489, 5.956, 163.7, 162.9, 178.6
2059, 11, 5.78, 3.631, -0.03893, 739.4, 787, 876
2059, 12, 3.187, 1.281, -2.148, 505.7, 505, 533.6
2060, 1, 2.778, 0.7717, -2.988, 285.7, 304.1, 338
2060, 2, 5.51, 3.655, 0.1572, 91.36, 94.41, 103.7
2060, 3, 5.348, 3.508, 0.04637, 142.1, 142.2, 148.6
2060, 4, 7.968, 6.209, 2.877, 176.8, 184, 202.7
2060, 5, 13.05, 11.34, 7.96, 110.1, 109.7, 112.3
2060, 6, 14.81, 13.1, 9.695, 105.9, 113.5, 119.7
2060, 7, 20.25, 18.97, 15.89, 26.69, 29.73, 32.76
2060, 8, 19.33, 17.99, 14.82, 115, 115.6, 136.2
2060, 9, 17.16, 15.14, 11.49, 36.33, 39.52, 48.48
2060, 10, 11.17, 9.164, 5.497, 241, 245.5, 260.5
2060, 11, 4.981, 3.033, -0.5831, 373.3, 380.3, 412
2060, 12, 1.153, -0.8771, -4.439, 441, 441.4, 476.5
2061, 1, -1.2, -3.261, -6.914, 197.1, 201.8, 222.4
2061, 2, 3.383, 1.134, -2.681, 365.9, 370, 414.4
2061, 3, 2.302, 0.5776, -2.796, 506.7, 497.4, 512.3
2061, 4, 6.344, 4.498, 1.066, 190.2, 185.6, 193.9
2061, 5, 12.41, 10.7, 7.354, 160.6, 173.2, 189.4
2061, 6, 15.98, 14.45, 11.13, 58.5, 64.82, 70.13
2061, 7, 19.43, 18.2, 15.09, 11.56, 12.02, 13.76
2061, 8, 19.02, 17.64, 14.54, 36.9, 36.26, 41.23
2061, 9, 19.21, 17.27, 13.76, 17.78, 18.48, 21.34
2061, 10, 12.5, 10.6, 6.907, 129.8, 133.2, 152.7
2061, 11, 5.568, 3.671, 0.2088, 518.6, 521.3, 555.5
2061, 12, 4.395, 2.32, -1.395, 273.4, 264, 279.6
2062, 1, 1.915, -0.04474, -3.701, 687.4, 699, 763.6
2062, 2, 3.082, 0.9089, -2.679, 373.8, 385, 430.8
2062, 3, 4.122, 2.27, -1.143, 258.4, 272.7, 303.3
2062, 4, 10.49, 8.771, 5.434, 117, 107.5, 104.9
2062, 5, 12.87, 11.3, 8.035, 122.8, 126, 133.8
2062, 6, 16.61, 15.11, 11.82, 36.14, 46.32, 59.02
2062, 7, 21.77, 20.52, 17.36, 10.81, 14.19, 19.65
2062, 8, 22.78, 21.37, 18.14, 3.962, 3.093, 2.788
2062, 9, 17.61, 15.65, 12.05, 69.65, 72.15, 82.79
2062, 10, 8.934, 6.823, 3.126, 225.8, 225.6, 242.7
2062, 11, 3.002, 0.9242, -2.712, 406.5, 417.5, 455.9
2062, 12, 4.168, 2.199, -1.23, 815.5, 855.9, 947.4
2063, 1, 2.639, 0.7214, -2.85, 731.9, 776.2, 880.3
2063, 2, 1.172, -1.303, -5.341, 291.5, 292.8, 311.7
2063, 3, 0.7464, -1.078, -4.404, 440.1, 450.3, 500.3
2063, 4, 9.816, 8.173, 4.927, 67.57, 73.69, 85.29
2063, 5, 13.26, 11.56, 8.233, 85.27, 86.78, 92.72
2063, 6, 15.74, 14.31, 11.01, 60.45, 64.92, 66.49
2063, 7, 20.62, 19.34, 16.23, 40.59, 42.65, 47.75
2063, 8, 21.13, 19.65, 16.4, 4.738, 8.56, 11.35
2063, 9, 18.34, 16.43, 12.99, 21.96, 21.96, 20.87
2063, 10, 10.53, 8.515, 4.841, 68.65, 65.72, 68.23
2063, 11, 3.218, 1.298, -2.214, 443.3, 477.1, 525.1
2063, 12, 3.478, 1.431, -2.251, 408.3, 435.6, 485
2064, 1, -1.133, -3.144, -6.938, 302.9, 313.5, 347.6
2064, 2, 2.728, 0.6422, -2.926, 444.3, 449.3, 494.3
2064, 3, 8.004, 6.134, 2.609, 243.1, 253, 281.1
2064, 4, 6.543, 4.741, 1.205, 104.7, 105.3, 106.4
2064, 5, 10.99, 9.108, 5.641, 172.3, 181.2, 192.9
2064, 6, 16.17, 14.74, 11.55, 36.64, 39.69, 44.84
2064, 7, 22.33, 20.94, 17.64, 37.14, 39.16, 42.23
2064, 8, 21.85, 20.66, 17.54, 21.23, 24.2, 30.18
2064, 9, 15.91, 13.97, 10.44, 87.92, 94.33, 115
2064, 10, 10.36, 8.597, 5.113, 79.01, 78.59, 86
2064, 11, 6.18, 4.126, 0.4241, 430.2, 420.9, 426.6
2064, 12, 3.674, 1.671, -1.975, 251.3, 244.3, 257.9
2065, 1, 0.9007, -0.9163, -4.378, 145.8, 144.8, 152.2
2065, 2, 2.315, 0.1366, -3.544, 191, 195.4, 212.6
2065, 3, 4.214, 2.334, -1.061, 203.8, 209.7, 243.3
2065, 4, 8.849, 6.989, 3.614, 73.95, 79.03, 83.58
2065, 5, 15.8, 14.17, 10.87, 13.99, 16.17, 20.12
2065, 6, 17.08, 15.57, 12.32, 14.61, 18.36, 23.01
2065, 7, 23.3, 21.88, 18.63, 2.14, 3.741, 5.613
2065, 8, 21.9, 20.47, 17.26, 30.95, 30.93, 29.37
2065, 9, 16.5, 14.62, 11.18, 91.9, 93.84, 106.3
2065, 10, 13.68, 11.97, 8.561, 58.75, 64.17, 74.96
2065, 11, 4.682, 2.717, -0.9418, 565.1, 576.4, 624.1
2065, 12, 3.342, 1.473, -2.013, 359.7, 363.6, 395.8
2066, 1, 0.8768, -1.02, -4.631, 209.3, 203.6, 211.9
2066, 2, 3.238, 1.118, -2.475, 192.8, 193.8, 213.3
2066, 3, 6.026, 4.164, 0.8163, 213.4, 215, 233.5
2066, 4, 7.958, 6.432, 3.242, 160.9, 168, 185.5
2066, 5, 12.14, 10.3, 6.917, 86.25, 87.5, 98.36
2066, 6, 19.21, 17.64, 14.36, 93.72, 107.3, 119.7
2066, 7, 21.08, 19.76, 16.56, 59.43, 71.4, 92.75
2066, 8, 22.09, 20.7, 17.4, 102.6, 100.3, 109.4
2066, 9, 18.84, 16.81, 13.22, 6.075, 7.013, 7.401
2066, 10, 12.79, 10.88, 7.226, 352.8, 348.1, 362.2
2066, 11, 4.13, 2.297, -1.337, 286.7, 298, 325.4
2066, 12, 3.355, 1.435, -2.054, 497.7, 518.8, 553.1
2067, 1, 2.481, 0.5405, -3.094, 420, 429.8, 465.1
2067, 2, 2.264, 0.1326, -3.495, 197.5, 192.7, 207.8
2067, 3, 3.889, 1.854, -1.73, 352.8, 360, 380.3
2067, 4, 8.697, 6.831, 3.375, 191.7, 193.2, 210.1
2067, 5, 9.859, 8.099, 4.798, 197.9, 225.2, 260.7
2067, 6, 15.64, 14.13, 10.8, 131.3, 134, 132.6
2067, 7, 19.76, 18.5, 15.26, 15.18, 18.58, 22.9
2067, 8, 22.22, 20.74, 17.43, 59.55, 60.76, 66.3
2067, 9, 18.52, 16.63, 13.18, 37, 36.22, 41.21
2067, 10, 12.99, 11.02, 7.315, 85.68, 83.74, 92.28
2067, 11, 4.359, 2.434, -1.161, 213.6, 213.9, 221.3
2067, 12, 2.45, 0.5486, -3.014, 418.7, 427.4, 473.6
2068, 1, 1.996, 0.06408, -3.551, 577.2, 595.3, 656.3
2068, 2, 1.57, -0.4557, -3.998, 848.4, 844.4, 931.6
2068, 3, 3.491, 1.707, -1.635, 423.4, 453.6, 492.7
2068, 4, 8.194, 6.423, 3.011, 140.4, 143, 152.7
2068, 5, 12.17, 10.53, 7.255, 115.3, 120.1, 133
2068, 6, 18.4, 16.98, 13.71, 8.26, 14.06, 19.12
2068, 7, 18.48, 17.22, 14.04, 15.32, 17.65, 21.85
2068, 8, 19.4, 17.9, 14.57, 81.62, 93.95, 120.8
2068, 9, 20.84, 18.8, 15.22, 87.62, 90.05, 103.6
2068, 10, 13.18, 11.41, 7.825, 99.46, 99.1, 109.7
2068, 11, 5.83, 3.864, 0.3131, 621, 642.4, 689.8
2068, 12, 3.433, 1.534, -2.039, 240.4, 245.3, 262.1
2069, 1, 2.627, 0.827, -2.667, 341.2, 340, 353.7
2069, 2, 2.406, -0.07246, -4.087, 356.3, 339.7, 355.1
2069, 3, 3.391, 1.529, -1.974, 247.6, 252.2, 270.4
2069, 4, 6.857, 5.105, 1.782, 142.5, 142.9, 150.3
2069, 5, 13.81, 12.01, 8.541, 70.56, 70.98, 72.13
2069, 6, 16.83, 15.28, 11.85, 80.24, 86.82, 96.04
2069, 7, 22.28, 20.88, 17.63, 1.316, 2.689, 4.615
2069, 8, 19.15, 17.75, 14.63, 10.28, 10.52, 10.46
2069, 9, 16.65, 14.68, 11.12, 109.5, 111.6, 132.8
2069, 10, 11.57, 9.777, 6.244, 198.5, 206.1, 219.5
2069, 11, 6.964, 5.155, 1.604, 264.1, 278.5, 306.2
2069, 12, 3.552, 1.659, -1.821, 607.7, 636.3, 709.7
2070, 1, 2.65, 0.7967, -2.729, 696.6, 691.6, 732.6
2070, 2, 5.555, 3.062, -0.9643, 229.8, 225.8, 238.5
2070, 3, 1.557, -0.3056, -3.636, 390.1, 413.1, 453.3
2070, 4, 6.933, 5.18, 1.897, 131.7, 131.6, 137
2070, 5, 13.86, 12.2, 8.948, 55.75, 58.65, 62.42
2070, 6, 17.04, 15.64, 12.43, 15.68, 21.49, 28.17
2070, 7, 21.76, 20.42, 17.18, 4.553, 5.778, 6.96
2070, 8, 21.92, 20.42, 17.21, 28.27, 35.5, 47.13
2070, 9, 16.02, 14.33, 10.94, 152.9, 157.8, 178.4
2070, 10, 12.15, 10.32, 6.742, 96.9, 96.81, 102.7
2070, 11, 3.386, 1.456, -2.137, 388.9, 411.8, 444.7
2070, 12, 2.186, 0.1433, -3.497, 380.6, 396.2, 431
2071, 1, 3.663, 1.709, -1.909, 314.4, 316.6, 349.4
2071, 2, 2.399, 0.2653, -3.311, 316.3, 317.7, 339.7
2071, 3, 6.705, 4.739, 1.148, 197.7, 196.8, 215.7
2071, 4, 9.616, 7.942, 4.711, 44.63, 40.34, 40.14
2071, 5, 11.37, 9.808, 6.52, 120.3, 120.4, 125
2071, 6, 15.8, 14.16, 10.75, 96.89, 123.2, 146.1
2071, 7, 22.18, 20.63, 17.27, 71.03, 81.73, 101.6
2071, 8, 20.71, 19.3, 16.03, 89.39, 97.67, 121
2071, 9, 16.8, 14.81, 11.36, 84.5, 86.87, 92.95
2071, 10, 12.43, 10.59, 6.99, 103.6, 103, 113.7
2071, 11, 6.868, 4.881, 1.225, 312.3, 319, 336
2071, 12, 3.895, 1.903, -1.694, 234.6, 231.3, 246.3
2072, 1, 3.57, 1.614, -1.982, 360.6, 377.2, 423.5
2072, 2, 4.458, 2.311, -1.426, 195.7, 196.5, 216.5
2072, 3, 6.507, 4.834, 1.66, 394.7, 397.2, 421.2
2072, 4, 9.374, 7.584, 4.285, 119.8, 120.2, 128
2072, 5, 11.56, 9.946, 6.633, 40.93, 36.68, 35.32
2072, 6, 19.36, 17.82, 14.57, 38.4, 38.75, 38.77
2072, 7, 24.5, 23.17, 19.98, 12.87, 15.37, 19.08
2072, 8, 22.72, 21.23, 17.95, 75.56, 78.88, 91.61
2072, 9, 13.68, 11.75, 8.199, 193.6, 217.6, 265.7
2072, 10, 10.45, 8.592, 5.066, 64.96, 65.12, 67.61
2072, 11, 7.153, 5.196, 1.526, 401.3, 406.2, 433.6
2072, 12, 2.582, 0.7881, -2.799, 142.5, 140.6, 147.3
2073, 1, 2.101, 0.1675, -3.425, 182.1, 181.3, 194.3
2073, 2, 4.185, 1.937, -1.818, 192.4, 198.3, 220.8
2073, 3, 2.441, 0.5643, -2.866, 283, 288, 308.3
2073, 4, 7.415, 5.577, 2.263, 329, 339.8, 362.5
2073, 5, 10.16, 8.539, 5.234, 135.9, 139, 144
2073, 6, 15.37, 13.78, 10.37, 115.2, 124.4, 132.8
2073, 7, 21.95, 20.68, 17.49, 7.18, 9.78, 13.55
2073, 8, 22.57, 21.24, 18.11, 57.42, 60.52, 67.07
2073, 9, 15.33, 13.36, 9.817, 148, 147.2, 163.6
2073, 10, 12.62, 10.75, 7.158, 108.2, 111, 118
2073, 11, 6.038, 4.141, 0.662, 602.4, 618.1, 648.3
2073, 12, 4.669, 2.764, -0.7409, 507.9, 515.5, 553.7
2074, 1, 2.371, 0.3996, -3.198, 701.7, 728.1, 795.7
2074, 2, 3.687, 1.605, -2.043, 219.4, 216.3, 227.2
2074, 3, 1.736, -0.1975, -3.627, 537.8, 572.5, 629.1
2074, 4, 8.881, 6.999, 3.665, 176.5, 189.8, 217.9
2074, 5, 11.01, 9.218, 5.83, 161.9, 173.4, 190.2
2074, 6, 18.65, 17.16, 13.88, 46.77, 50.18, 54.46
2074, 7, 21.1, 19.75, 16.51, 5.432, 5.33, 5.202
2074, 8, 24.1, 22.75, 19.55, 4.767, 5.546, 4.993
2074, 9, 18, 15.95, 12.45, 44.04, 43.24, 46.17
2074, 10, 10.4, 8.455, 4.76, 119.2, 119.6, 129.8
2074, 11, 6.186, 4.176, 0.4683, 220.5, 222.5, 238.7
2074, 12, 3.905, 1.869, -1.803, 662.7, 681.4, 752.5
2075, 1, 4.816, 2.802, -0.9403, 476.4, 501.2, 568.9
2075, 2, 2.554, 0.3373, -3.454, 198.7, 194.4, 207.6
2075, 3, 6.264, 4.484, 1.109, 227.9, 232.1, 249.1
2075, 4, 7.328, 5.505, 2.117, 140, 141.4, 149.2
2075, 5, 9.711, 8.076, 4.796, 119.9, 126.2, 145.4
2075, 6, 14.39, 12.8, 9.466, 75.04, 76.09, 81.87
2075, 7, 20.01, 18.57, 15.22, 52.8, 59.62, 70.35
2075, 8, 19.76, 18.08, 14.68, 122.1, 128.9, 156
2075, 9, 20.63, 18.95, 15.51, 50.2, 50.59, 53.77
2075, 10, 11.2, 9.281, 5.609, 161.6, 173.3, 200.3
2075, 11, 7.094, 5.208, 1.71, 486.1, 508.9, 557.8
2075, 12, 4.961, 2.906, -0.7811, 678.4, 725.3, 817.6
2076, 1, 5.147, 3.293, -0.2413, 283.3, 303.8, 343.8
2076, 2, 5.367, 3.107, -0.7969, 162.8, 162, 173.6
2076, 3, 7.512, 5.689, 2.284, 232, 245.9, 275.8
2076, 4, 8.446, 6.617, 3.161, 184.1, 193.8, 207.7
2076, 5, 12.83, 11, 7.498, 113.7, 123.2, 144.4
2076, 6, 19.26, 17.67, 14.26, 93.88, 109.7, 124.8
2076, 7, 21.07, 19.77, 16.61, 38.73, 47.49, 58.76
2076, 8, 22.26, 20.75, 17.43, 108.5, 125.7, 157.2
2076, 9, 19.99, 18.13, 14.68, 105.4, 115.5, 137.9
2076, 10, 10.81, 8.914, 5.281, 193.6, 197.2, 218.3
2076, 11, 6.28, 4.164, 0.4926, 180.6, 180.9, 187.3
2076, 12, 2.831, 1.085, -2.287, 693.2, 698.6, 741.5
2077, 1, 2.934, 0.9648, -2.745, 169.9, 169.8, 183.4
2077, 2, 3.722, 1.719, -1.778, 170.6, 168.7, 179.7
2077, 3, 3.88, 2.118, -1.143, 277.2, 288.3, 321.2
2077, 4, 7.704, 5.868, 2.451, 205, 195.1, 193.6
2077, 5, 13.08, 11.45, 8.126, 77.15, 79.37, 82.9
2077, 6, 19.86, 18.57, 15.43, 28.15, 29.93, 29.19
2077, 7, 22.21, 21.06, 18.02, 3.523, 3.286, 3.869
2077, 8, 19.69, 18.17, 14.85, 112.8, 133.5, 173
2077, 9, 18.44, 16.51, 13.04, 52.1, 54.83, 63.52
2077, 10, 13.19, 11.36, 7.884, 27.77, 25.21, 25.89
2077, 11, 7.163, 5.298, 1.729, 378.2, 376.2, 395.5
2077, 12, 4.141, 2.089, -1.556, 632.2, 660.6, 736.8
2078, 1, 2.615, 0.4414, -3.425, 135.5, 141.3, 157.8
2078, 2, 1.792, -0.5934, -4.51, 250.3, 260.1, 289.4
2078, 3, 4.436, 2.82, -0.3376, 337.3, 349.8, 380
2078, 4, 8.449, 6.652, 3.257, 142.6, 137.9, 143.6
2078, 5, 14.36, 12.6, 9.215, 70.12, 74.62, 82.88
2078, 6, 16.69, 15.11, 11.77, 63.34, 61.74, 60.44
2078, 7, 20.12, 18.88, 15.74, 44.56, 47.39, 54.89
2078, 8, 22.04, 20.71, 17.49, 22.31, 22.61, 23.14
2078, 9, 20.23, 18.3, 14.71, 8.52, 8.925, 8.503
2078, 10, 11, 8.975, 5.327, 72.12, 71.08, 75.97
2078, 11, 6.925, 5.006, 1.568, 784.6, 789.9, 831
2078, 12, 4.048, 2.04, -1.549, 546.8, 561.8, 617.7
2079, 1, 1.987, 0.1438, -3.452, 768.9, 777.4, 847.6
2079, 2, 2.387, 0.3166, -3.23, 256, 253.1, 275.5
2079, 3, 5.09, 3.333, 0.1416, 330.9, 334.5, 355.2
2079, 4, 10.56, 8.839, 5.459, 210.6, 215, 233.1
2079, 5, 11.81, 9.951, 6.521, 95.61, 99.1, 106.8
2079, 6, 15.44, 13.94, 10.6, 44.94, 49.43, 56.61
2079, 7, 21.84, 20.48, 17.3, 35, 41.37, 49.18
2079, 8, 21.55, 20.11, 16.83, 14.62, 13.14, 15.05
2079, 9, 18.22, 16.24, 12.74, 26.06, 29.43, 33.3
2079, 10, 11.12, 9.379, 5.976, 236.2, 256.6, 293
2079, 11, 7.642, 5.713, 2.156, 459.3, 476.5, 532.2
2079, 12, 4.265, 2.173, -1.532, 605.6, 623.2, 700.3
2080, 1, -0.6406, -2.692, -6.517, 399.4, 427.6, 465.6
2080, 2, -1.784, -4.361, -8.479, 327.3, 323.3, 340.6
2080, 3, 2.612, 0.7634, -2.546, 518.1, 534.1, 601.9
2080, 4, 9.33, 7.652, 4.292, 143.5, 140.7, 142.4
2080, 5, 11.17, 9.417, 6.02, 58.6, 59.49, 65.36
2080, 6, 19.08, 17.64, 14.43, 49.73, 56.98, 65.4
2080, 7, 22.16, 20.97, 17.81, 2.921, 4.862, 6.885
2080, 8, 20.86, 19.62, 16.54, 28.3, 30.33, 36.99
2080, 9, 20.7, 18.75, 15.25, 70.5, 70.03, 76.82
2080, 10, 14.21, 12.43, 8.86, 106.5, 108.4, 123
2080, 11, 8.574, 6.582, 2.943, 254.2, 257.7, 274
2080, 12, 2.558, 0.6088, -2.969, 436.8, 448.5, 472.5
2081, 1, 1.873, -0.2013, -3.963, 224.9, 219.1, 237.3
2081, 2, 3.573, 1.293, -2.538, 181.5, 180.5, 197
2081, 3, 7.058, 5.295, 1.85, 126.4, 134.1, 139.8
2081, 4, 9.962, 8.248, 4.923, 105.2, 110.1, 118.9
2081, 5, 12.04, 10.38, 7.098, 57.52, 60.58, 67.2
2081, 6, 14.83, 13.32, 9.946, 78.37, 84.67, 91.65
2081, 7, 22.7, 21.47, 18.46, 23.28, 26.22, 33.18
2081, 8, 22.83, 21.44, 18.25, 24.55, 29.88, 39.45
2081, 9, 18.2, 16.37, 12.97, 143.7, 151.8, 184.6
2081, 10, 12.26, 10.21, 6.474, 72.93, 67, 69.52
2081, 11, 7.683, 5.705, 2.169, 166, 181.3, 200
2081, 12, 3.756, 1.647, -2.064, 456, 479.9, 531.6
2082, 1, 1.398, -0.6163, -4.252, 154.5, 153.9, 158.9
2082, 2, 3.908, 1.89, -1.673, 177.3, 170.1, 180.7
2082, 3, 7.058, 5.457, 2.346, 133.8, 132.6, 137.7
2082, 4, 8.251, 6.596, 3.46, 176.3, 176.2, 187
2082, 5, 11.89, 10.17, 6.832, 56.67, 52.8, 52.01
2082, 6, 19.95, 18.47, 15.26, 1.126, 2.282, 4.086
2082, 7, 22.97, 21.74, 18.62, 26.81, 31.64, 38.44
2082, 8, 25.15, 23.55, 20.28, 18.08, 22.84, 28.54
2082, 9, 18.32, 16.47, 13.04, 119.9, 122.5, 141.3
2082, 10, 15.96, 14.27, 10.8, 90.15, 90.15, 95.12
2082, 11, 5.761, 3.794, 0.1855, 516.6, 529.6, 569.8
2082, 12, 5.626, 3.753, 0.1054, 361.6, 375, 412.2
2083, 1, 4.823, 2.78, -0.9096, 277.4, 292.8, 317.1
2083, 2, 3.428, 1.358, -2.192, 223.8, 228.8, 254.8
2083, 3, 5.931, 4.172, 0.8182, 196.2, 197.4, 209.6
2083, 4, 9.872, 8.053, 4.566, 127, 134.3, 146.7
2083, 5, 12.49, 10.72, 7.278, 93.6, 100.7, 109.5
2083, 6, 20.25, 18.94, 15.68, 50.6, 57.17, 66.86
2083, 7, 22.94, 21.59, 18.38, 30.4, 42, 55.66
2083, 8, 23.46, 21.87, 18.6, 24.79, 25.14, 28.75
2083, 9, 17.68, 15.61, 11.95, 162.1, 171.4, 194.4
2083, 10, 13.05, 11.13, 7.555, 149.5, 151.6, 165.4
2083, 11, 6.032, 3.868, 0.1371, 479, 481.6, 524
2083, 12, 4.011, 2.001, -1.561, 446.9, 459.9, 503.5
2084, 1, 2.082, 0.179, -3.325, 663.5, 661.1, 698.2
2084, 2, 1.709, -0.369, -3.916, 163.3, 164.2, 184.8
2084, 3, 3.126, 1.24, -2.074, 474.4, 494.3, 539.5
2084, 4, 8.693, 6.878, 3.454, 198.6, 202.1, 212.3
2084, 5, 10.07, 8.273, 4.714, 108.9, 109.9, 114.3
2084, 6, 15.01, 13.51, 10.19, 189, 193.4, 201.1
2084, 7, 22.5, 21.3, 18.11, 1.98, 4.009, 5.828
2084, 8, 22.44, 21.03, 17.78, 0.1824, 0.256, 0.2755
2084, 9, 18.12, 16.21, 12.71, 25.82, 27.22, 30.96
2084, 10, 13.18, 11.35, 7.772, 82.75, 83.02, 90.11
2084, 11, 8.184, 6.267, 2.665, 171.3, 165.4, 173.1
2084, 12, 5.885, 3.88, 0.1125, 264.4, 258.9, 274.5
2085, 1, 1.533, -0.6877, -4.568, 378.4, 373.5, 404.9
2085, 2, 1.97, -0.2441, -3.938, 347.3, 345.1, 373
2085, 3, 4.448, 2.826, -0.4061, 233.7, 246.2, 280.4
2085, 4, 9.831, 8.181, 4.903, 113.4, 119.2, 129.7
2085, 5, 7.865, 6.236, 2.995, 197.6, 206.7, 224.5
2085, 6, 20.64, 19.13, 15.88, 43.86, 49.56, 55.36
2085, 7, 20.74, 19.27, 15.94, 29.56, 29.77, 33.01
2085, 8, 23.29, 21.92, 18.76, 8.902, 10.94, 13.48
2085, 9, 17.04, 15.09, 11.54, 103.5, 103.7, 113.7
2085, 10, 10.3, 8.368, 4.764, 120, 127.5, 146.2
2085, 11, 5.01, 2.994, -0.5036, 251, 263.8, 285.3
2085, 12, 2.805, 0.6647, -3.033, 235.1, 235.9, 253.6
2086, 1, 3.562, 1.51, -2.119, 471.2, 465.8, 484.7
2086, 2, 4.048, 1.718, -2.201, 94.04, 92.38, 101.9
2086, 3, 5.991, 4.134, 0.6741, 189.7, 203.8, 227.6
2086, 4, 7.616, 5.888, 2.533, 175.6, 166.1, 173.5
2086, 5, 14.48, 12.81, 9.494, 41.54, 42.87, 46.35
2086, 6, 15.14, 13.58, 10.25, 175, 180.9, 183.1
2086, 7, 22.37, 21.04, 17.81, 0.6055, 1.21, 1.366
2086, 8, 21.29, 19.92, 16.81, 55.49, 60.51, 75.85
2086, 9, 19.45, 17.62, 14.18, 31.56, 30.76, 38.14
2086, 10, 12.73, 10.88, 7.337, 58.53, 58.19, 61.43
2086, 11, 7.512, 5.474, 1.949, 170.2, 167.6, 175.7
2086, 12, 2.291, 0.4539, -3.047, 134.4, 138.2, 156.5
2087, 1, 3.999, 2.141, -1.495, 219, 228.8, 244.4
2087, 2, 9.271, 7.15, 3.462, 90.13, 93.16, 94.62
2087, 3, 4.246, 2.296, -1.064, 414.3, 418.1, 446.3
2087, 4, 5.686, 3.755, 0.3137, 203, 204.5, 218.4
2087, 5, 17.71, 16.22, 13.13, 3.345, 3.48, 3.081
2087, 6, 19.04, 17.64, 14.41, 51, 63.84, 77.64
2087, 7, 22.73, 21.36, 18.1, 45.96, 46.02, 49.75
2087, 8, 25.23, 23.64, 20.43, 57.55, 63.87, 76.18
2087, 9, 19.66, 17.85, 14.4, 44.45, 46.75, 52.91
2087, 10, 12.55, 10.73, 7.261, 109.2, 108.2, 122.8
2087, 11, 5.173, 3.107, -0.5043, 463.6, 477.5, 521
2087, 12, 4.453, 2.587, -0.9491, 412, 418.5, 444.5
2088, 1, 3.737, 1.59, -2.129, 153.4, 153.7, 169.2
2088, 2, 3.21, 0.9372, -2.803, 298.4, 321.7, 359.2
2088, 3, 5.382, 3.431, -0.04874, 330.8, 333.8, 357.3
2088, 4, 9.94, 8.27, 5.106, 142.3, 139.8, 143.4
2088, 5, 12.89, 11.25, 7.88, 75.79, 72.89, 73.62
2088, 6, 19.87, 18.37, 15.08, 9.829, 11.57, 12.48
2088, 7, 22.12, 20.84, 17.66, 14.44, 14.29, 14.24
2088, 8, 23.45, 21.99, 18.69, 0.1337, 0.1767, 0.2502
2088, 9, 21.58, 19.55, 15.98, 8.191, 7.298, 7.671
2088, 10, 12.92, 11.22, 7.781, 193.9, 195.5, 219.1
2088, 11, 5.02, 2.936, -0.7842, 358.2, 367.6, 401.9
2088, 12, 2.89, 0.8465, -2.786, 447.9, 481.6, 536
2089, 1, 3.584, 1.531, -2.088, 845.5, 892.4, 978.9
2089, 2, 5.141, 2.901, -0.8819, 170, 177, 209.9
2089, 3, 5.902, 4.171, 0.8412, 138.9, 142.8, 148.7
2089, 4, 7.818, 6.03, 2.652, 146.8, 144.5, 151.3
2089, 5, 10.94, 9.231, 5.914, 56.01, 54.19, 54.28
2089, 6, 18.76, 17.22, 13.87, 63.37, 71.61, 79.58
2089, 7, 22.45, 21.14, 17.89, 9.162, 10.45, 11.28
2089, 8, 23.7, 22.2, 18.84, 34.84, 37.41, 42.09
2089, 9, 16.87, 14.85, 11.36, 43.06, 42.31, 47.71
2089, 10, 12.48, 10.84, 7.472, 96.39, 96.17, 102.1
2089, 11, 7.597, 5.738, 2.149, 276.9, 289.6, 306.7
2089, 12, 5.295, 3.404, -0.1393, 613.3, 625.5, 687.4
2090, 1, 1.316, -0.8503, -4.757, 77.23, 76.5, 84.86
2090, 2, 5.171, 2.934, -0.7718, 268.8, 282.6, 321.1
2090, 3, 3.259, 1.453, -1.984, 372.2, 375.5, 395.5
2090, 4, 7.571, 5.688, 2.244, 192.7, 189, 199.9
2090, 5, 13.53, 11.85, 8.483, 123.7, 126.6, 132.2
2090, 6, 18.64, 17.17, 13.92, 170.1, 185.2, 196.9
2090, 7, 24.99, 23.57, 20.28, 32.38, 30, 29.54
2090, 8, 26.55, 24.92, 21.5, 14.21, 17.64, 19.59
2090, 9, 20.08, 18.21, 14.72, 87.56, 85.5, 97.16
2090, 10, 12.72, 10.75, 7.117, 165.4, 165.1, 178.9
2090, 11, 3.932, 1.871, -1.738, 593.2, 616.5, 673.5
2090, 12, 5.137, 3.133, -0.45, 701.1, 724, 819.9
2091, 1, 4.884, 2.852, -0.8, 270.8, 277, 306.7
2091, 2, 4.041, 1.737, -2.124, 91.24, 91.5, 107.7
2091, 3, 4.963, 2.96, -0.5634, 122.8, 118.4, 122.9
2091, 4, 11.07, 9.386, 6.141, 179.1, 193.1, 217.4
2091, 5, 14.52, 12.86, 9.523, 41.23, 38.39, 40.43
2091, 6, 22.12, 20.65, 17.38, 15.51, 16.04, 16.34
2091, 7, 21.14, 19.89, 16.67, 42.03, 45, 55.82
2091, 8, 21.84, 20.34, 17, 93.34, 108, 134.6
2091, 9, 21.47, 19.41, 15.71, 51.7, 52.75, 59.1
2091, 10, 13.28, 11.42, 7.829, 276.4, 291.3, 326.5
2091, 11, 6.72, 4.62, 0.9886, 326.1, 338.7, 362.2
2091, 12, 3.805, 1.941, -1.675, 186.5, 182.5, 190.3
2092, 1, 3.435, 1.469, -2.205, 252.1, 266.9, 299.3
2092, 2, 3.407, 1.186, -2.589, 219.1, 229.5, 261.3
2092, 3, 7.119, 5.293, 1.869, 232.4, 235.7, 258.5
2092, 4, 8.743, 7.13, 4.031, 154.3, 156.5, 175
2092, 5, 9.973, 8.104, 4.639, 96.24, 96.55, 101.3
2092, 6, 16, 14.59, 11.4, 58.25, 62.65, 63.81
2092, 7, 21.32, 19.91, 16.58, 24.53, 27.45, 29.78
2092, 8, 23.21, 21.83, 18.65, 2.023, 2.006, 1.948
2092, 9, 17, 14.95, 11.42, 59.84, 63.52, 70.92
2092, 10, 12.58, 10.85, 7.361, 86, 86.82, 96.02
2092, 11, 5.604, 3.663, 0.1278, 390.8, 407.4, 452
2092, 12, 4.302, 2.156, -1.419, 669.7, 675.8, 720.3
2093, 1, 3.777, 1.759, -1.944, 456.9, 476.9, 529.3
2093, 2, 3.367, 1.06, -2.752, 454.6, 479.8, 540.8
2093, 3, 5.675, 3.835, 0.5033, 318.5, 317.4, 326
2093, 4, 9.168, 7.395, 3.985, 182.2, 185.8, 194
2093, 5, 16.27, 14.43, 10.93, 13.89, 16.19, 18.59
2093, 6, 18.22, 16.82, 13.61, 16.69, 17.29, 18.98
2093, 7, 21.63, 20.36, 17.16, 28.02, 30.73, 36.83
2093, 8, 22.27, 20.75, 17.48, 9.555, 10.53, 13.39
2093, 9, 19.27, 17.19, 13.65, 44.73, 43.6, 47.84
2093, 10, 10.57, 8.692, 5.054, 157.5, 153.4, 160.4
2093, 11, 7.67, 5.596, 1.85, 85.76, 86.68, 95.39
2093, 12, 3.719, 1.723, -1.787, 278.5, 282.7, 300.6
2094, 1, 1.429, -0.7886, -4.722, 410.3, 424.2, 477.9
2094, 2, 3.405, 1.12, -2.57, 509, 545.5, 636.8
2094, 3, 7.979, 6.248, 2.956, 382.8, 392.1, 432.7
2094, 4, 11.39, 9.544, 6.063, 116.1, 112.9, 119.9
2094, 5, 16.48, 14.82, 11.52, 80.39, 80.24, 84.88
2094, 6, 19.53, 18.11, 14.76, 16.55, 16.98, 18.01
2094, 7, 21.31, 20.05, 16.83, 4.488, 4.48, 4.793
2094, 8, 21.62, 20.1, 16.84, 48.56, 55.54, 67.75
2094, 9, 17.32, 15.23, 11.56, 45.74, 47.75, 57.95
2094, 10, 12.21, 10.44, 7.024, 205.3, 206.7, 219.8
2094, 11, 6.684, 4.865, 1.424, 554.9, 549.3, 574.8
2094, 12, 3.324, 1.302, -2.226, 538.1, 538.5, 588.1
2095, 1, 3.28, 1.254, -2.44, 579.9, 609.7, 663.8
2095, 2, 2.936, 0.7666, -2.959, 103.6, 108.7, 117.4
2095, 3, 4.358, 2.481, -0.9126, 88.96, 93.66, 98.91
2095, 4, 9.695, 8.185, 5.044, 191.5, 194.3, 197.5
2095, 5, 12.75, 10.98, 7.57, 182.3, 205.3, 233.4
2095, 6, 17.04, 15.56, 12.28, 87.83, 103.6, 118.9
2095, 7, 23.86, 22.52, 19.17, 2.585, 3.168, 3.882
2095, 8, 23.99, 22.5, 19.22, 2.465, 3.049, 3.366
2095, 9, 21.14, 19.2, 15.65, 8.956, 9.582, 10
2095, 10, 12.03, 10.14, 6.565, 38.71, 35.53, 36.11
2095, 11, 7.641, 5.708, 2.158, 367.1, 375.6, 419.9
2095, 12, 3.1, 1.043, -2.56, 334, 331.8, 348.2
2096, 1, 2.408, 0.6252, -2.9, 110.9, 107.3, 115.2
2096, 2, 6.693, 4.362, 0.4697, 99.31, 98.12, 107
2096, 3, 7.646, 5.851, 2.491, 112.9, 114, 120.6
2096, 4, 7.73, 5.852, 2.455, 182.5, 186.2, 195.1
2096, 5, 14.46, 12.67, 9.29, 83.88, 80.69, 82.59
2096, 6, 17.57, 16.09, 12.89, 46.37, 52.08, 60
2096, 7, 23.57, 22.37, 19.2, 3.791, 6.429, 9.099
2096, 8, 22.79, 21.1, 17.69, 27.56, 28.88, 34.83
2096, 9, 19.53, 17.59, 14.11, 17.18, 18.8, 18.68
2096, 10, 13.42, 11.66, 8.185, 72.18, 71.65, 76.4
2096, 11, 7.186, 5.228, 1.646, 405.7, 401.9, 422
2096, 12, 4.492, 2.562, -0.9394, 625.3, 652.2, 712.2
2097, 1, 5.586, 3.583, 0.1038, 604.4, 643.7, 731.9
2097, 2, 1.187, -0.9461, -4.569, 175.1, 175.5, 185.1
2097, 3, 4.559, 2.766, -0.5943, 385.9, 402.9, 438.9
2097, 4, 14.64, 12.95, 9.539, 86.42, 86.16, 91.84
2097, 5, 14.07, 12.53, 9.223, 36.08, 35.71, 37.68
2097, 6, 20.54, 19.13, 15.88, 19.72, 23.01, 28.07
2097, 7, 24.14, 22.93, 19.82, 24.61, 26.41, 29.64
2097, 8, 24.86, 23.26, 19.93, 109.6, 123.8, 143.5
2097, 9, 18.01, 16.12, 12.57, 118.7, 122.9, 146.8
2097, 10, 14, 12.06, 8.389, 190.9, 181.4, 194.2
2097, 11, 6.922, 4.961, 1.39, 122.1, 119.5, 125
2097, 12, 5.267, 3.181, -0.5356, 296.6, 316.3, 359.4
2098, 1, 4.285, 2.179, -1.613, 201.2, 208.8, 231
2098, 2, 2.618, 0.3816, -3.355, 230.1, 236.2, 265.8
2098, 3, 5.031, 3.133, -0.2844, 313.7, 326.6, 364.3
2098, 4, 11.58, 10.05, 6.929, 154.8, 162.1, 176.7
2098, 5, 12.78, 10.97, 7.533, 91.35, 90.17, 99.64
2098, 6, 16.96, 15.44, 12.11, 20.01, 23.67, 26.2
2098, 7, 21.15, 19.81, 16.59, 47.76, 52.37, 59.51
2098, 8, 21.23, 19.67, 16.4, 44.81, 49.59, 62.81
2098, 9, 18.19, 16.31, 12.81, 89.75, 90.94, 99.61
2098, 10, 10.82, 8.955, 5.422, 211.2, 215.9, 247
2098, 11, 7.207, 5.296, 1.714, 274.7, 281, 303.8
2098, 12, 4.371, 2.406, -1.12, 743.2, 772.5, 847.8
2099, 1, 2.088, 0.04763, -3.631, 339.5, 349.5, 383.6
2099, 2, 4.19, 2.119, -1.427, 182.4, 191.8, 206.9
2099, 3, 4.296, 2.433, -0.9861, 289, 294.7, 312.9
2099, 4, 12.34, 10.75, 7.513, 106.1, 106.6, 111.4
2099, 5, 14.51, 12.78, 9.353, 9.002, 10.34, 11.41
2099, 6, 19.71, 18.24, 14.96, 12.93, 13.33, 13.96
2099, 7, 23.06, 21.76, 18.51, 0.6843, 0.8828, 2.091
2099, 8, 24.18, 22.69, 19.38, 9.714, 7.732, 7.436
2099, 9, 19.78, 17.8, 14.33, 58.37, 59.45, 66.44
2099, 10, 13.29, 11.59, 8.158, 84.17, 88.29, 94.78
2099, 11, 7.916, 6.063, 2.502, 332.8, 337.5, 365.8
2099, 12, 7.008, 4.889, 1.373, 543.2, 539.9, 593
