# Created by WEAP: 4/20/2021 7:22:32 AM

# Climate time series data extracted from NetCDF file: \\VIRACOCHA\users\David\Downloads\monthly_inmcm4_rcp85.nc
# Raster grid: 368 rows x 368 columns, (53 N, 125 W) - (30 N, 102 W), 0.062 degree resolution (approximately 7 km)
# Timespan: Monthly, January 2007 - December 2099 (1,116 data points)
# Variables extracted:
#      tavg: tasmax[C]
#      Prcp: pr[mm]

# WEAP Catchment: CA_PGE_CEN_Bear River (10,662 ha)
# Climate grid intersected and averaged over each elevation band of catchment: 1000 - 2000 m (3,617 ha),  2000 - 3000 m (7,045 ha)

"$ListSeparator = ,"
"$DecimalSymbol = ."

$Columns = Year, Month, tavg[C]:Elevation 1000 to 2000 m, tavg[C]:Elevation 2000 to 3000 m, Prcp[mm]:Elevation 1000 to 2000 m, Prcp[mm]:Elevation 2000 to 3000 m

2007, 1, -0.2263, -2.647, 248.5, 296.8
2007, 2, 1.413, -0.9358, 239.6, 264.8
2007, 3, 5.09, 2.579, 373.5, 408.3
2007, 4, 5.756, 3.538, 149.9, 183.8
2007, 5, 10.19, 7.787, 49.53, 56.99
2007, 6, 13.42, 11.1, 28.95, 33.38
2007, 7, 19.8, 17.51, 5.715, 9.555
2007, 8, 22.55, 20.1, 0, 0.1017
2007, 9, 16.45, 13.91, 9.549, 12.37
2007, 10, 13.26, 10.5, 35.87, 42.88
2007, 11, 3.63, 1.336, 30.82, 36.02
2007, 12, 0.6641, -1.342, 305.6, 361.5
2008, 1, 0.5705, -1.756, 237.8, 264.3
2008, 2, 2.105, -0.329, 121.7, 135.2
2008, 3, 2.094, -0.4224, 163.9, 180
2008, 4, 5.731, 3.246, 184.4, 191.3
2008, 5, 9.933, 7.472, 16.8, 16.28
2008, 6, 14.19, 11.93, 23.9, 35.86
2008, 7, 19.66, 17.42, 0.5879, 1.432
2008, 8, 18.73, 16.36, 0.679, 0.6931
2008, 9, 18.09, 15.57, 19.93, 30.47
2008, 10, 15.06, 12.48, 8.518, 9.141
2008, 11, 8.231, 5.831, 302, 343
2008, 12, -1.171, -3.843, 98.35, 104.8
2009, 1, 1.049, -1.357, 493.7, 550.8
2009, 2, 1.277, -1.114, 292.9, 310.6
2009, 3, 3.325, 0.9159, 223.5, 235.4
2009, 4, 7.482, 4.888, 80.24, 90.49
2009, 5, 13.7, 11.1, 173.9, 194.8
2009, 6, 14.77, 12.43, 29.25, 32.58
2009, 7, 18.72, 16.69, 6.928, 9.764
2009, 8, 20.33, 17.99, 0.1889, 0.2593
2009, 9, 19, 16.7, 11.75, 19.44
2009, 10, 15.96, 13.4, 13.43, 14.84
2009, 11, 0.8356, -1.716, 149.5, 159.8
2009, 12, 1.56, -0.7115, 581.8, 677.2
2010, 1, -0.2627, -2.569, 341.6, 409.5
2010, 2, 1.035, -1.138, 429.2, 488
2010, 3, 3.178, 0.579, 97.9, 105.3
2010, 4, 7.658, 5.261, 48.86, 54.05
2010, 5, 9.021, 6.783, 21.79, 27.92
2010, 6, 14, 11.65, 2.195, 3.877
2010, 7, 18.45, 16.17, 3.62, 9.201
2010, 8, 19.53, 17.33, 1.688, 3.605
2010, 9, 17.17, 14.7, 4.383, 7.583
2010, 10, 13.94, 11.3, 21.18, 35.89
2010, 11, 7.816, 5.557, 90.41, 106.8
2010, 12, 4.591, 2.562, 339.7, 399.5
2011, 1, 1.788, -0.5533, 13.64, 15.11
2011, 2, 1.155, -1.742, 216.2, 226.7
2011, 3, 4.228, 1.731, 234.7, 249.3
2011, 4, 7.875, 5.36, 153.8, 159.7
2011, 5, 11.7, 9.117, 55.54, 59.76
2011, 6, 15.62, 13.13, 7.799, 9.024
2011, 7, 20.46, 18.05, 64.46, 102.1
2011, 8, 20.54, 18.19, 47.17, 52.94
2011, 9, 18.6, 16.15, 4.236, 4.847
2011, 10, 12.1, 9.595, 54.71, 72.04
2011, 11, 6.291, 4.038, 190.9, 213.2
2011, 12, 0.8449, -1.43, 241.2, 269.2
2012, 1, 5.445, 2.972, 22.75, 24.14
2012, 2, 1.304, -1.2, 307.7, 340.4
2012, 3, 5.909, 3.315, 15.93, 17.93
2012, 4, 6.758, 4.463, 138.4, 143.7
2012, 5, 9.773, 7.344, 14.91, 15.47
2012, 6, 15.38, 13.06, 62.84, 74.51
2012, 7, 19.81, 17.38, 4.124, 6.942
2012, 8, 18.52, 16.19, 3.669, 6.428
2012, 9, 18.08, 15.58, 40.26, 48.93
2012, 10, 11.21, 8.92, 9.94, 16.65
2012, 11, 5.456, 3.382, 293.3, 319.9
2012, 12, 3.135, 0.8435, 61.49, 76.35
2013, 1, 5.771, 3.684, 390.7, 445.8
2013, 2, 4.768, 2.2, 169.3, 188.6
2013, 3, 6, 3.403, 30.16, 31.49
2013, 4, 6.962, 4.469, 25, 31.97
2013, 5, 10.25, 7.628, 47.29, 56.81
2013, 6, 16.2, 13.79, 1.798, 2.313
2013, 7, 22, 19.67, 19.29, 23.2
2013, 8, 19.82, 17.44, 15.82, 23.06
2013, 9, 15.49, 13.22, 32.97, 41.61
2013, 10, 11.41, 8.739, 11.41, 18.2
2013, 11, 4.277, 2.128, 392.1, 425.2
2013, 12, 2.928, 0.8459, 303.1, 350.2
2014, 1, -0.5046, -2.833, 51.85, 51.43
2014, 2, 2.424, -0.2919, 254.2, 277.1
2014, 3, 7.717, 5.055, 262, 281
2014, 4, 11.37, 8.695, 63.42, 61.41
2014, 5, 10.18, 7.699, 63.01, 67.55
2014, 6, 18.85, 16.5, 21.27, 27.19
2014, 7, 16.95, 14.99, 6.595, 7.696
2014, 8, 19.01, 16.64, 0, 0.01091
2014, 9, 16.97, 14.6, 9.48, 14.89
2014, 10, 13.45, 10.91, 74.23, 78.78
2014, 11, 3.512, 1.398, 261.9, 307.2
2014, 12, 1.368, -0.6178, 25.46, 36.65
2015, 1, 4.495, 1.866, 382.4, 406.2
2015, 2, 4.378, 1.875, 349.5, 388.9
2015, 3, 3.644, 1.221, 55.7, 55.88
2015, 4, 9.947, 7.471, 76.78, 86.19
2015, 5, 11.74, 9.276, 73.53, 71.26
2015, 6, 14.77, 12.42, 5.168, 5.159
2015, 7, 21, 18.75, 4.721, 7.615
2015, 8, 19.88, 17.67, 16.65, 23.4
2015, 9, 16.8, 14.39, 5.499, 8.932
2015, 10, 11.22, 8.829, 16.58, 18.83
2015, 11, 2.255, -0.06144, 139.8, 151.6
2015, 12, 2.271, 0.183, 34.72, 47.38
2016, 1, 1.296, -0.8319, 731.2, 832.5
2016, 2, 2.18, -0.3061, 283.2, 298.3
2016, 3, 5.176, 2.515, 142.1, 161
2016, 4, 7.137, 4.794, 57.28, 66.19
2016, 5, 10.47, 7.848, 72.75, 84.43
2016, 6, 20.12, 17.64, 42.92, 59.84
2016, 7, 20.85, 18.42, 2.723, 3.922
2016, 8, 18.95, 16.71, 1.207, 1.187
2016, 9, 17.36, 14.91, 3.362, 9.659
2016, 10, 10.47, 8.158, 88.98, 100.7
2016, 11, 3.647, 1.228, 375.5, 410.2
2016, 12, 3.129, 1.098, 474.3, 560.4
2017, 1, -1.109, -3.407, 456.1, 503.6
2017, 2, 3.758, 1.203, 255.8, 289.4
2017, 3, 2.766, 0.1512, 174.4, 199.4
2017, 4, 10.45, 7.835, 136.2, 154.5
2017, 5, 13.23, 10.66, 33.77, 37.36
2017, 6, 15.2, 12.57, 3.196, 3.643
2017, 7, 21.55, 19.19, 3.45, 6.495
2017, 8, 20.94, 18.67, 2.347, 5.235
2017, 9, 18.18, 15.81, 47.19, 49.21
2017, 10, 13.24, 10.82, 11.66, 12.2
2017, 11, 0.6847, -1.591, 261.2, 294
2017, 12, 4.352, 2.339, 251.2, 300.2
2018, 1, 1.82, -0.3649, 79.75, 89.03
2018, 2, 4.712, 2.268, 392.7, 408.8
2018, 3, 4.635, 2.2, 137.2, 153.5
2018, 4, 5.479, 3.387, 80.77, 86.65
2018, 5, 9.209, 7.005, 23.49, 21.82
2018, 6, 18.73, 16.48, 7.508, 11.62
2018, 7, 19.17, 16.8, 0.0252, 0.0434
2018, 8, 20.92, 18.53, 0.3199, 1.008
2018, 9, 17.77, 15.4, 3.931, 11.51
2018, 10, 14.24, 11.78, 0.208, 0.683
2018, 11, 7.046, 4.966, 195.6, 226.2
2018, 12, -1.099, -3.122, 61.76, 75.2
2019, 1, 0.9131, -1.549, 117.1, 134.6
2019, 2, 3.139, 0.5923, 165.8, 181
2019, 3, 6.364, 3.71, 30.64, 32.57
2019, 4, 4.163, 2.062, 184.4, 200
2019, 5, 12.6, 9.955, 41.51, 43.82
2019, 6, 17.05, 14.62, 3.661, 4.105
2019, 7, 22.9, 20.44, 59.81, 88.73
2019, 8, 19.72, 17.58, 0.6074, 0.6398
2019, 9, 17.56, 15.29, 30.5, 41.19
2019, 10, 14.97, 12.47, 183.6, 209.2
2019, 11, 9.309, 6.991, 298, 337.2
2019, 12, 0.5193, -1.827, 230, 281.2
2020, 1, 2.441, 0.1694, 224.2, 262.3
2020, 2, 3.753, 1.115, 72.27, 82.38
2020, 3, 7.356, 4.738, 86.19, 92.01
2020, 4, 5.376, 2.96, 196.5, 197.7
2020, 5, 12.04, 9.608, 58.67, 61.6
2020, 6, 15.08, 12.71, 2.456, 6.565
2020, 7, 21.98, 19.53, 20.37, 28.09
2020, 8, 18.01, 15.89, 2.697, 2.739
2020, 9, 17.61, 15.17, 0, 0
2020, 10, 10.19, 8.118, 6.776, 7.253
2020, 11, 3.742, 1.428, 282.5, 314.9
2020, 12, 1.15, -0.8842, 120, 131.6
2021, 1, -0.646, -2.971, 139.1, 165.2
2021, 2, 4.798, 2.108, 48.52, 53.26
2021, 3, 5.858, 3.265, 91.27, 98.01
2021, 4, 7.161, 4.771, 128.8, 128.4
2021, 5, 13.27, 10.64, 59.16, 68.82
2021, 6, 16.04, 13.61, 8.609, 17.38
2021, 7, 21.04, 18.67, 2.993, 8.562
2021, 8, 18.54, 16.43, 14.69, 26.06
2021, 9, 19.25, 16.82, 48.89, 62.9
2021, 10, 16.41, 13.71, 11.81, 11.49
2021, 11, 6.418, 4.152, 123.7, 150.5
2021, 12, 4.534, 2.342, 213, 245.2
2022, 1, -1.408, -3.993, 175.4, 205.6
2022, 2, 6.107, 3.651, 30.67, 32.24
2022, 3, 6.721, 4.29, 88.04, 94.39
2022, 4, 5.636, 3.169, 51.03, 59.89
2022, 5, 14.93, 12.18, 55.52, 55.87
2022, 6, 15.52, 12.99, 0.07616, 0.1015
2022, 7, 20.3, 17.98, 60.41, 77.87
2022, 8, 20.51, 18.37, 6.853, 12.16
2022, 9, 16.8, 14.69, 26.56, 41.53
2022, 10, 16.03, 13.54, 104.7, 117.9
2022, 11, 6.499, 4.133, 575.6, 685.4
2022, 12, 0.5843, -1.587, 101.3, 116.4
2023, 1, 2.792, 0.3545, 399.8, 465.7
2023, 2, 3.053, 0.5386, 208.3, 244.7
2023, 3, 6.485, 4.193, 134.8, 144.1
2023, 4, 4.358, 1.961, 47.15, 57.34
2023, 5, 12.61, 10.13, 55.52, 60.78
2023, 6, 15.77, 13.57, 23.4, 25.52
2023, 7, 21.34, 18.88, 1.892, 3.482
2023, 8, 20.73, 18.47, 0.1938, 0.4061
2023, 9, 17.84, 15.48, 33.87, 39.05
2023, 10, 11.19, 8.945, 33.43, 34.29
2023, 11, 2.096, -0.2403, 176.2, 196.9
2023, 12, 3.406, 1.32, 189.7, 214.9
2024, 1, 3.498, 1.382, 8.754, 10.76
2024, 2, 2.509, -0.03259, 106.4, 115.5
2024, 3, 6.852, 4.518, 165.1, 182.7
2024, 4, 6.81, 4.165, 100.8, 111.9
2024, 5, 13.52, 10.78, 22.3, 24.55
2024, 6, 18.13, 15.71, 9.215, 12.19
2024, 7, 21.69, 19.24, 0.3273, 0.3917
2024, 8, 19.73, 17.44, 2.52, 6.487
2024, 9, 14.02, 12.04, 4.619, 9.877
2024, 10, 11.35, 8.844, 261.5, 296.9
2024, 11, 7.179, 5.245, 350.1, 394.2
2024, 12, 2.029, -0.1391, 288, 334.9
2025, 1, 6.035, 3.559, 297.4, 331.3
2025, 2, 5.531, 2.804, 85.49, 94.88
2025, 3, 2.973, 0.58, 290.7, 313.2
2025, 4, 9.561, 7.23, 140.7, 141.8
2025, 5, 14.79, 12.17, 100.4, 116.4
2025, 6, 18.59, 16.04, 40.7, 43.61
2025, 7, 19.44, 17.36, 0, 0
2025, 8, 20.08, 17.76, 1.366, 1.561
2025, 9, 20.78, 17.98, 9.11, 17.36
2025, 10, 10.63, 8.338, 25.28, 21.87
2025, 11, 5.669, 3.127, 131, 160.4
2025, 12, 2.115, -0.1325, 259.9, 309.1
2026, 1, 2.087, -0.2743, 37.18, 42.3
2026, 2, 3.916, 1.376, 193.5, 204.1
2026, 3, 4.215, 1.868, 140.6, 142.9
2026, 4, 5.951, 3.634, 226.8, 240.9
2026, 5, 9.916, 7.483, 33.36, 39.09
2026, 6, 13.49, 11.07, 66.44, 90.49
2026, 7, 19.95, 17.74, 9.116, 12.63
2026, 8, 19.49, 17.37, 6.768, 12.4
2026, 9, 19.8, 17.31, 41.41, 52.01
2026, 10, 14.32, 11.98, 122.6, 133.7
2026, 11, 7.204, 4.852, 34.99, 54.22
2026, 12, -0.00698, -2.036, 37.09, 44.33
2027, 1, 2.265, -0.3407, 573.9, 659.1
2027, 2, 0.9093, -1.602, 539.5, 572.7
2027, 3, 5.826, 3.318, 229.8, 239.7
2027, 4, 5.714, 3.624, 118.7, 128.4
2027, 5, 10.45, 7.914, 12.29, 14.01
2027, 6, 12.17, 9.84, 9.939, 19.08
2027, 7, 17.99, 15.79, 0.2005, 0.7022
2027, 8, 20.64, 18.4, 5.93, 20.97
2027, 9, 17.24, 14.8, 92.14, 94.36
2027, 10, 15, 12.75, 6.342, 7.607
2027, 11, 4.906, 2.706, 47.01, 46.44
2027, 12, 5.128, 3.094, 62.49, 71.22
2028, 1, 2.853, 0.5001, 554.3, 617.2
2028, 2, 3.116, 0.8824, 286.4, 327.9
2028, 3, 2.803, 0.4579, 115.3, 128
2028, 4, 4.758, 2.771, 63.25, 70.65
2028, 5, 15.12, 12.56, 31.98, 31.92
2028, 6, 16.29, 14.03, 24.67, 34.04
2028, 7, 22.66, 20.22, 3.567, 6.469
2028, 8, 21.3, 19.19, 13.84, 18.43
2028, 9, 17.33, 14.97, 10.01, 11.63
2028, 10, 12.75, 10.4, 97.76, 107.8
2028, 11, 7.983, 5.805, 18.99, 28.83
2028, 12, 2.337, 0.05886, 5.106, 2.999
2029, 1, 0.1471, -2.055, 55.3, 63.31
2029, 2, 2.362, 0.003452, 44.4, 48.2
2029, 3, 4.568, 2.273, 196.7, 224
2029, 4, 8.266, 5.992, 69.52, 73.93
2029, 5, 11.11, 8.52, 3.91, 5.299
2029, 6, 16.96, 14.68, 5.454, 6.981
2029, 7, 22.55, 20.14, 94.52, 138.1
2029, 8, 17.65, 15.67, 0.3963, 1.842
2029, 9, 15.95, 13.9, 0.5258, 1.021
2029, 10, 11.59, 9.313, 33.65, 36.13
2029, 11, 7.916, 5.329, 14.19, 12.78
2029, 12, 8.043, 5.934, 66.94, 73.07
2030, 1, 3.723, 1.038, 274.4, 309.2
2030, 2, 7.067, 4.483, 24.55, 29.23
2030, 3, 6.387, 3.932, 211.9, 225.4
2030, 4, 8.357, 5.94, 230.7, 252.4
2030, 5, 13.14, 10.63, 4.509, 5.678
2030, 6, 17.04, 14.73, 0, 0
2030, 7, 21.08, 18.63, 11.29, 19.15
2030, 8, 19.33, 17.04, 7.513, 17.69
2030, 9, 19.4, 17.02, 3.327, 4.929
2030, 10, 12.43, 10.15, 36.88, 35.53
2030, 11, 10.1, 7.637, 183.4, 202
2030, 12, 5.703, 3.588, 38.05, 45.22
2031, 1, 1.498, -0.992, 108.7, 126.5
2031, 2, 2.118, -0.5487, 140.9, 145.2
2031, 3, 4.085, 1.73, 385.2, 420.3
2031, 4, 6.291, 4.227, 87.3, 97.14
2031, 5, 14.98, 12.42, 57.66, 60.9
2031, 6, 20.73, 18.13, 25.93, 32.47
2031, 7, 21.06, 18.79, 6.219, 15.31
2031, 8, 18.62, 16.52, 0.07449, 0.2018
2031, 9, 17.21, 14.96, 89, 106.6
2031, 10, 14.21, 11.9, 215.3, 240.7
2031, 11, 5.455, 3.251, 215.5, 243.5
2031, 12, 2.222, 0.08407, 42.74, 45.37
2032, 1, 4.027, 1.446, 283.1, 314.3
2032, 2, 2.477, -0.1659, 328.1, 370.6
2032, 3, 2.347, 0.02606, 415.3, 478.7
2032, 4, 6.501, 4.296, 90.18, 97.73
2032, 5, 10.11, 7.724, 33.1, 32.08
2032, 6, 18.04, 15.67, 8.225, 9.334
2032, 7, 20.92, 18.61, 0, 0
2032, 8, 21.62, 19.39, 0.6881, 1.982
2032, 9, 16.34, 14.09, 36.31, 51.03
2032, 10, 9.985, 7.969, 5.098, 5.483
2032, 11, 5.596, 3.373, 156.1, 182.6
2032, 12, 3.521, 1.367, 226.3, 272.9
2033, 1, 5.034, 2.588, 150.3, 171.9
2033, 2, 3.173, 1.072, 250.2, 277.1
2033, 3, 5.253, 3.087, 196.8, 217.9
2033, 4, 6.266, 4.082, 151.5, 156.5
2033, 5, 11.3, 8.808, 55.5, 67.37
2033, 6, 18.25, 15.76, 14.12, 17.76
2033, 7, 21.03, 18.72, 111, 152
2033, 8, 19.39, 17.14, 3.243, 3.063
2033, 9, 13.97, 11.76, 1.202, 2.995
2033, 10, 14.57, 12.16, 84.13, 96.03
2033, 11, 9.582, 7.283, 128.1, 140.1
2033, 12, 2.869, 0.572, 374.2, 438.3
2034, 1, 0.4811, -2.101, 333, 371
2034, 2, 3.216, 0.8393, 53.99, 63.01
2034, 3, 4.427, 2.147, 217.2, 243.8
2034, 4, 3.966, 1.627, 111.9, 120.8
2034, 5, 11.17, 8.785, 57.01, 68.48
2034, 6, 16.36, 14.02, 25.12, 27.65
2034, 7, 22.32, 20.11, 2.246, 1.833
2034, 8, 21.9, 19.64, 4.425, 4.21
2034, 9, 16.29, 14.08, 43.58, 64.29
2034, 10, 15.66, 13.28, 37.72, 40.74
2034, 11, 4.087, 1.666, 73.42, 82.5
2034, 12, 1.783, -0.2668, 326, 380.2
2035, 1, 2.058, -0.5133, 117.4, 149.2
2035, 2, 3.894, 1.254, 208.6, 239.7
2035, 3, 3.566, 1.365, 112.9, 121.5
2035, 4, 5.407, 3.136, 29.64, 33.16
2035, 5, 10.86, 8.591, 35.86, 40.4
2035, 6, 16.26, 14, 18.41, 26.25
2035, 7, 20.3, 18.05, 7.773, 13.43
2035, 8, 19.35, 17.06, 55.52, 83.25
2035, 9, 14.25, 12.17, 9.289, 18.23
2035, 10, 13.44, 11.29, 17.47, 29.25
2035, 11, 6.651, 4.276, 5.748, 6.755
2035, 12, 1.961, -0.3026, 199.3, 232
2036, 1, 1.928, -0.626, 172, 193.9
2036, 2, 3.202, 0.5641, 171.5, 200.3
2036, 3, 3.714, 1.357, 376.2, 401.2
2036, 4, 12.28, 9.847, 106.5, 122.3
2036, 5, 15.3, 12.66, 76.34, 83.66
2036, 6, 18.25, 15.8, 7.547, 7.883
2036, 7, 24.3, 21.9, 49.85, 68.76
2036, 8, 21.5, 19.3, 22.61, 27.93
2036, 9, 17.18, 14.87, 8.612, 12.85
2036, 10, 16.22, 13.8, 31.06, 37.43
2036, 11, 10.18, 7.753, 529.5, 622.5
2036, 12, 0.8641, -1.229, 147.4, 184.7
2037, 1, 2.688, 0.1658, 313.1, 374.6
2037, 2, 1.898, -0.731, 3.902, 5.254
2037, 3, 2.227, -0.05179, 68.83, 85.52
2037, 4, 6.174, 3.855, 67.14, 78.28
2037, 5, 10.36, 7.905, 57.56, 61.25
2037, 6, 17.51, 15.06, 3.354, 4.67
2037, 7, 20.99, 18.61, 5.406, 8.035
2037, 8, 19.76, 17.43, 8.03, 11.46
2037, 9, 14.99, 12.73, 7.818, 10.98
2037, 10, 12, 9.716, 179.8, 206.4
2037, 11, 6.42, 4.09, 169.5, 190.5
2037, 12, 2.648, 0.4163, 262.3, 323.7
2038, 1, 4.08, 1.704, 744.3, 829.5
2038, 2, 5.503, 2.845, 176.7, 200.3
2038, 3, 6.617, 4.053, 72.91, 79.11
2038, 4, 7.69, 5.368, 257, 273.8
2038, 5, 15.09, 12.62, 129.7, 147
2038, 6, 18.16, 15.74, 7.241, 9.554
2038, 7, 18.82, 16.46, 3.367, 4.094
2038, 8, 19.04, 16.82, 0.7586, 0.7001
2038, 9, 18.84, 16.44, 14.99, 14.37
2038, 10, 8.671, 6.655, 43.32, 60.62
2038, 11, 8.918, 6.608, 44.82, 56.99
2038, 12, 4.203, 2.322, 101.4, 121.5
2039, 1, -0.3799, -2.752, 121.4, 150.3
2039, 2, 1.98, -0.8054, 15.04, 18.66
2039, 3, 5.441, 3.028, 60.9, 66.75
2039, 4, 4.327, 2.285, 88.38, 97.29
2039, 5, 9.92, 7.614, 1.827, 4.88
2039, 6, 14.97, 12.35, 6.442, 7.414
2039, 7, 21.98, 19.41, 7.817, 15.14
2039, 8, 24.07, 21.52, 16.4, 25.79
2039, 9, 19.27, 16.64, 65.42, 78.62
2039, 10, 12.78, 10.67, 9.802, 9.52
2039, 11, 9.983, 7.625, 85.8, 95.28
2039, 12, 3.471, 1.297, 365.7, 437.6
2040, 1, 3.891, 1.306, 94.86, 103.8
2040, 2, 6.073, 3.421, 150.3, 159.1
2040, 3, 6.215, 3.92, 140, 158.2
2040, 4, 7.583, 5.107, 55.13, 58.32
2040, 5, 13.04, 10.38, 61.86, 66.69
2040, 6, 18.86, 16.31, 83.3, 103.2
2040, 7, 20.3, 18.08, 1.73, 2.124
2040, 8, 20.68, 18.58, 3.904, 4.909
2040, 9, 13.42, 11.3, 72.4, 81.79
2040, 10, 14.82, 12.41, 0.2316, 0.5463
2040, 11, 8.059, 5.588, 313.9, 358.6
2040, 12, 3.136, 0.8484, 166, 202.5
2041, 1, 1.763, -0.8197, 171.4, 185.3
2041, 2, 0.799, -1.834, 83.88, 99.02
2041, 3, 3.364, 1.01, 386.8, 411.9
2041, 4, 11.53, 9.081, 90.42, 97.52
2041, 5, 13.94, 11.53, 94.09, 108.2
2041, 6, 13.72, 11.63, 30.6, 37.27
2041, 7, 21.41, 19.09, 46.37, 68.08
2041, 8, 20.39, 18.09, 4.735, 15.19
2041, 9, 15.68, 13.46, 1.533, 2.735
2041, 10, 16.15, 13.64, 6.21, 7.522
2041, 11, 4.74, 2.384, 348.9, 430.4
2041, 12, 2.33, 0.002407, 239.6, 281.7
2042, 1, 0.7449, -1.696, 141, 156.9
2042, 2, 4.375, 1.91, 284, 303.2
2042, 3, 3.896, 1.526, 76.57, 85.6
2042, 4, 9.69, 7.25, 168, 183.2
2042, 5, 8.684, 6.388, 81.07, 94.09
2042, 6, 16.88, 14.47, 67.51, 80.97
2042, 7, 21.55, 19.12, 0.03156, 0.2989
2042, 8, 21.21, 18.81, 5.358, 6.052
2042, 9, 19.06, 16.58, 159.6, 163.6
2042, 10, 14.48, 12.11, 123.8, 135.1
2042, 11, 6.01, 3.738, 12.01, 13.9
2042, 12, 1.923, -0.5855, 1.295, 1.222
2043, 1, 3.732, 1.265, 322.6, 361.8
2043, 2, 2.321, -0.03456, 211.8, 231.8
2043, 3, 7.387, 5.027, 75.85, 78.28
2043, 4, 6.089, 3.777, 56.03, 58.45
2043, 5, 11.38, 8.994, 40.06, 49.58
2043, 6, 14.65, 12.5, 1.062, 0.4357
2043, 7, 20.39, 17.92, 0.09206, 0.4363
2043, 8, 18.75, 16.64, 6.447, 14.88
2043, 9, 14.97, 12.82, 3.406, 8.429
2043, 10, 10.66, 8.6, 10.07, 9.347
2043, 11, 10.32, 7.842, 235.3, 288.5
2043, 12, 7.569, 5.092, 280.9, 331.4
2044, 1, 1.716, -0.8802, 22.32, 24.51
2044, 2, 3.094, 0.642, 123.9, 135.4
2044, 3, 5.888, 3.294, 517.4, 540
2044, 4, 11.2, 8.807, 201.8, 220.9
2044, 5, 13.37, 10.76, 12.67, 14.27
2044, 6, 16.22, 13.88, 4.93, 5.168
2044, 7, 21.53, 19.11, 0.7442, 2.532
2044, 8, 20.86, 18.43, 3.394, 3.894
2044, 9, 17.16, 15.07, 5.447, 11.95
2044, 10, 18.06, 15.56, 16.27, 17.57
2044, 11, 4.717, 2.481, 232.7, 264
2044, 12, 3.173, 1.008, 221.7, 261.2
2045, 1, 2.969, 0.7189, 472.9, 530.9
2045, 2, 4.566, 2.2, 119.9, 126.7
2045, 3, 2.953, 0.8553, 146.5, 162.5
2045, 4, 3.047, 0.6189, 261.7, 286.8
2045, 5, 15.08, 12.48, 2.56, 4.01
2045, 6, 18.29, 15.92, 10.69, 11.43
2045, 7, 23.72, 21.22, 0.3432, 1.88
2045, 8, 22.22, 19.97, 9.707, 11.23
2045, 9, 15.04, 12.75, 4.905, 8.768
2045, 10, 13.32, 10.92, 31.57, 34.58
2045, 11, 7.778, 5.514, 386.5, 437.2
2045, 12, 5.397, 3.235, 284.2, 310.5
2046, 1, 0.9526, -1.457, 27.53, 31.78
2046, 2, 2.682, -0.1114, 54.75, 65.14
2046, 3, 4.941, 2.472, 112, 126.5
2046, 4, 4.017, 1.829, 113.1, 121.8
2046, 5, 12.57, 10.31, 169.6, 169
2046, 6, 17.09, 14.86, 30.35, 45.1
2046, 7, 19.89, 17.56, 0.5422, 0.8789
2046, 8, 21.64, 19.31, 0, 0
2046, 9, 17.1, 14.88, 11.81, 17.19
2046, 10, 14.99, 12.72, 201.4, 214.4
2046, 11, 3.459, 1.086, 43.17, 44.09
2046, 12, 4.752, 2.593, 48.65, 56.7
2047, 1, 3.309, 0.6206, 107.3, 120.1
2047, 2, 1.905, -0.6847, 40.39, 41.29
2047, 3, 6.561, 4.199, 99.56, 119.5
2047, 4, 7.968, 5.582, 106.1, 116.7
2047, 5, 9.788, 7.335, 90.51, 86.06
2047, 6, 16.84, 14.37, 26.13, 26.5
2047, 7, 20.68, 18.21, 9.093, 17.83
2047, 8, 20.66, 18.34, 21.91, 36.59
2047, 9, 16.1, 13.96, 16.14, 20.17
2047, 10, 12.78, 10.52, 48.76, 59.36
2047, 11, 8.313, 5.923, 224.8, 250.9
2047, 12, 5.428, 3.433, 304, 369.4
2048, 1, 1.114, -1.296, 268.8, 300
2048, 2, 7.58, 4.883, 42.12, 46.51
2048, 3, 8.51, 6.067, 63.68, 72.01
2048, 4, 8.201, 5.964, 234.7, 235.7
2048, 5, 10.6, 7.94, 89.55, 101.6
2048, 6, 17.18, 14.71, 105.8, 129.2
2048, 7, 20.77, 18.36, 21.5, 41.54
2048, 8, 19.21, 16.88, 0, 0
2048, 9, 17.11, 14.68, 0.1615, 0.746
2048, 10, 12.58, 10.12, 30.22, 39.4
2048, 11, 6.042, 3.717, 4.787, 6.562
2048, 12, 1.539, -0.6572, 34.45, 43.73
2049, 1, 3.076, 0.479, 272.1, 334.6
2049, 2, 4.216, 1.662, 119, 143.5
2049, 3, 8.986, 6.432, 48.4, 55.73
2049, 4, 6.947, 4.606, 25, 39.75
2049, 5, 12.12, 9.84, 30.36, 37.93
2049, 6, 12.42, 10.17, 125.9, 143.8
2049, 7, 21.22, 18.7, 0, 0
2049, 8, 19.55, 17.47, 0.03157, 0.1255
2049, 9, 19.13, 16.72, 11.55, 12.13
2049, 10, 13.78, 11.48, 117.6, 115
2049, 11, 10.32, 7.941, 38.25, 50.9
2049, 12, 4.769, 2.405, 11.12, 13.84
2050, 1, 3.076, 0.3019, 58.5, 65.83
2050, 2, 3.951, 1.399, 8.175, 11.76
2050, 3, 6.724, 4.174, 93.31, 100.6
2050, 4, 8.76, 6.296, 77.69, 88.16
2050, 5, 17.1, 14.39, 1.013, 1.207
2050, 6, 15.01, 12.46, 0.3047, 0.4533
2050, 7, 22.89, 20.37, 1.914, 3.484
2050, 8, 18.54, 16.47, 2.683, 2.676
2050, 9, 16.6, 14.26, 0.8626, 1.814
2050, 10, 13.09, 10.79, 85.05, 92.29
2050, 11, 4.578, 2.354, 175.6, 207.8
2050, 12, 5.324, 2.859, 55.95, 61.76
2051, 1, 5.919, 3.318, 227.6, 253.4
2051, 2, 9.175, 6.415, 437.9, 478.4
2051, 3, 7.287, 4.944, 138.4, 147.9
2051, 4, 5.039, 2.649, 201.8, 216.8
2051, 5, 17.42, 14.81, 14.14, 16.31
2051, 6, 21.06, 18.47, 14.6, 18.92
2051, 7, 20.89, 18.27, 0.104, 0.2565
2051, 8, 21.31, 18.98, 2.864, 12.12
2051, 9, 21.17, 18.52, 4.604, 7.66
2051, 10, 13.09, 10.91, 43.57, 57.15
2051, 11, 4.019, 1.547, 133.5, 153.4
2051, 12, 6.287, 4.04, 3.066, 6.139
2052, 1, 3.452, 1.073, 253.1, 286.4
2052, 2, 2.456, 0.05892, 572.7, 638.9
2052, 3, 7.864, 5.592, 63.97, 75.24
2052, 4, 4.849, 2.828, 68.53, 78.84
2052, 5, 14.99, 12.39, 8.837, 13.32
2052, 6, 19.34, 16.74, 67.3, 95.78
2052, 7, 21.68, 19.19, 0, 0
2052, 8, 20.54, 18.21, 8.206, 12.98
2052, 9, 18.59, 16.17, 2.348, 5.67
2052, 10, 13.14, 10.74, 4.572, 5.536
2052, 11, 6.956, 4.709, 51.96, 59.54
2052, 12, 6.6, 4.082, 241.2, 278.4
2053, 1, 3.212, 0.695, 711.2, 766
2053, 2, 1.021, -1.294, 171.1, 200.5
2053, 3, 5.463, 3.05, 140, 152.2
2053, 4, 8.182, 5.774, 307.3, 323.8
2053, 5, 15.79, 13.04, 2.112, 2.033
2053, 6, 17.11, 14.88, 5.233, 4.612
2053, 7, 22.55, 20.11, 0.2423, 0.2172
2053, 8, 17.74, 15.66, 4.075, 5.132
2053, 9, 19.41, 16.98, 0.6962, 2.148
2053, 10, 15.64, 13.33, 42.94, 44.82
2053, 11, 9.816, 7.357, 271.2, 338.1
2053, 12, 4.075, 1.757, 176, 223.1
2054, 1, 0.3072, -2.289, 588.1, 645.9
2054, 2, 4.686, 2.309, 97.67, 101.8
2054, 3, 5.077, 3.047, 260.3, 275.7
2054, 4, 5.504, 3.368, 104.3, 106.4
2054, 5, 13.8, 11.4, 2.848, 5.738
2054, 6, 20.13, 17.53, 15.47, 17.77
2054, 7, 22.87, 20.28, 2.157, 2.713
2054, 8, 20.27, 18.05, 128.9, 152.2
2054, 9, 17.49, 15.35, 7.409, 9.514
2054, 10, 15, 12.66, 28.95, 27.3
2054, 11, 4.796, 2.43, 16.03, 20.03
2054, 12, 5.127, 2.965, 111.2, 129.4
2055, 1, 1.12, -1.296, 85.44, 95.32
2055, 2, 3.659, 1.057, 220, 224.4
2055, 3, 5.277, 2.955, 140.5, 153.5
2055, 4, 8.177, 5.824, 171.6, 180.5
2055, 5, 17.04, 14.51, 1.542, 1.311
2055, 6, 17.04, 14.7, 3.83, 4.955
2055, 7, 20.01, 17.56, 29.7, 39.9
2055, 8, 19.18, 17.16, 1.987, 4.159
2055, 9, 15.76, 13.6, 8.556, 12.99
2055, 10, 14.07, 11.96, 3.757, 6.152
2055, 11, 9.856, 7.314, 108.3, 112.8
2055, 12, 4.742, 2.47, 50.09, 58.21
2056, 1, 4.264, 1.789, 409.4, 473.5
2056, 2, 1.631, -0.9543, 64.49, 83.79
2056, 3, 8.491, 6.094, 70.62, 75.53
2056, 4, 6.927, 4.479, 129.1, 139.4
2056, 5, 18.94, 16.27, 40.26, 44.54
2056, 6, 18.66, 16.2, 0.5118, 1.597
2056, 7, 21.86, 19.2, 2.813, 6.147
2056, 8, 23.12, 20.95, 0.3915, 1.725
2056, 9, 18.88, 16.56, 6.759, 12.18
2056, 10, 17.17, 14.64, 4.727, 2.762
2056, 11, 5.848, 3.664, 199.5, 211.7
2056, 12, 3.692, 1.283, 285.4, 352.8
2057, 1, 0.6198, -2.036, 702.8, 786.9
2057, 2, 3.677, 1.231, 304.9, 329.4
2057, 3, 5.972, 3.649, 141.2, 148.8
2057, 4, 7.405, 5.204, 216.9, 225.1
2057, 5, 13.03, 10.66, 35.65, 40.16
2057, 6, 19.32, 16.76, 40.2, 44.57
2057, 7, 22.62, 20.19, 103, 142.1
2057, 8, 22.61, 20.31, 10, 16.25
2057, 9, 17.24, 15.02, 23.83, 39.2
2057, 10, 17.05, 14.66, 153.3, 172
2057, 11, 8.156, 5.904, 70.83, 79.22
2057, 12, 4.404, 2.338, 465.3, 534.5
2058, 1, 0.4664, -2.072, 65.32, 72.79
2058, 2, 3.689, 1.186, 241.7, 266.1
2058, 3, 5.185, 2.696, 58.65, 68.24
2058, 4, 5.402, 3.369, 111.8, 114.1
2058, 5, 10.36, 7.811, 3.208, 4.28
2058, 6, 12.83, 10.1, 2.316, 4.684
2058, 7, 21.27, 18.75, 34.28, 47.27
2058, 8, 18.6, 16.38, 0, 0
2058, 9, 18.71, 16.31, 3.62, 6.694
2058, 10, 16.65, 14.27, 2.967, 3.378
2058, 11, 4.479, 1.999, 129.7, 157.1
2058, 12, 4.247, 2.222, 453.9, 524.7
2059, 1, 4.742, 2.355, 269.3, 309.6
2059, 2, 6.439, 3.998, 299.9, 330.7
2059, 3, 6.872, 4.365, 163.2, 188.6
2059, 4, 8.118, 6.009, 184.5, 198
2059, 5, 19.39, 16.64, 63.38, 65.12
2059, 6, 18.43, 15.83, 2.663, 4.326
2059, 7, 20.79, 18.27, 11.57, 19.77
2059, 8, 20.41, 18.26, 1.607, 3.092
2059, 9, 17.14, 14.61, 12.98, 19.87
2059, 10, 19.03, 16.46, 13.95, 21.18
2059, 11, 5.281, 2.959, 178.2, 200.1
2059, 12, 3.067, 0.7372, 10.74, 13.57
2060, 1, 2.989, 0.4649, 116.8, 133.3
2060, 2, 1.065, -1.43, 57.81, 65
2060, 3, 4.657, 2.455, 131.9, 147.3
2060, 4, 6.229, 4.194, 221.6, 220.1
2060, 5, 10.34, 7.79, 33.25, 32.31
2060, 6, 20.28, 17.62, 6.68, 10.9
2060, 7, 19.84, 17.42, 0.419, 0.4459
2060, 8, 21.59, 19.17, 17.65, 33.26
2060, 9, 18.71, 16.32, 28.28, 33.32
2060, 10, 15.44, 13.13, 45.14, 51.54
2060, 11, 8.426, 6.195, 187.9, 216.8
2060, 12, 4.167, 2.166, 80.87, 88.25
2061, 1, 4.688, 2.02, 542.3, 630.5
2061, 2, 6.328, 3.711, 300.8, 321.2
2061, 3, 4.565, 1.906, 360.1, 410.1
2061, 4, 8.748, 6.367, 38.66, 39.41
2061, 5, 16.99, 14.29, 13.52, 14.75
2061, 6, 18.86, 16.34, 8.478, 10.06
2061, 7, 25.98, 23.25, 0, 0.009476
2061, 8, 23.13, 20.7, 2.066, 2.833
2061, 9, 17.32, 14.9, 3.057, 5.317
2061, 10, 14.49, 12.3, 48.73, 57.11
2061, 11, 6.916, 4.417, 189.2, 211.7
2061, 12, 3.467, 1.305, 46.52, 57.42
2062, 1, 1.795, -0.6293, 150.3, 189.1
2062, 2, 1.257, -1.388, 359.1, 404.8
2062, 3, 1.208, -0.9207, 120.6, 142.7
2062, 4, 9.183, 6.77, 113.5, 124.2
2062, 5, 15.94, 13.32, 24.23, 25.79
2062, 6, 20.15, 17.76, 1.978, 2.89
2062, 7, 23.03, 20.39, 2.05, 4.689
2062, 8, 23.14, 20.77, 12.59, 25.79
2062, 9, 17.89, 15.7, 8.402, 16.5
2062, 10, 15.21, 12.86, 121.4, 144.7
2062, 11, 5.279, 2.847, 177.6, 208.1
2062, 12, 2.729, 0.3151, 470.2, 558.1
2063, 1, 2.738, 0.3182, 391.1, 455
2063, 2, 3.679, 1.449, 245.2, 270.1
2063, 3, 6.063, 3.709, 171, 186.5
2063, 4, 6.654, 4.318, 114.1, 128.3
2063, 5, 12.76, 10.07, 31.88, 31.64
2063, 6, 21.22, 18.62, 6.413, 10.56
2063, 7, 23.71, 21.11, 0.1163, 0.1584
2063, 8, 20.27, 18.03, 8.706, 12.69
2063, 9, 19.91, 17.49, 5.399, 11.63
2063, 10, 14.93, 12.65, 24.42, 22.89
2063, 11, 7.114, 4.832, 172.8, 190.5
2063, 12, 3.436, 1.208, 356.9, 407.6
2064, 1, 0.6245, -1.988, 212.1, 243
2064, 2, 4.302, 1.814, 105.4, 109.9
2064, 3, 4.504, 2.234, 185.2, 193.9
2064, 4, 5.374, 3.172, 123.7, 121
2064, 5, 14.79, 12.25, 2.197, 1.351
2064, 6, 19.09, 16.37, 21.42, 31.19
2064, 7, 23.62, 20.99, 3.612, 6.422
2064, 8, 19.16, 16.91, 3.874, 9.127
2064, 9, 20.06, 17.77, 2.142, 4.797
2064, 10, 14.95, 12.87, 21.69, 21.92
2064, 11, 4.339, 1.954, 175.1, 201.4
2064, 12, 4.304, 2.136, 68.62, 75.05
2065, 1, 1.013, -1.632, 100.6, 108.8
2065, 2, 3.973, 1.323, 66.52, 82.07
2065, 3, 8.063, 5.673, 65.12, 77.84
2065, 4, 8.427, 6.089, 235.2, 251.8
2065, 5, 18.09, 15.45, 22.93, 25.43
2065, 6, 18.01, 15.61, 0.008094, 0.07086
2065, 7, 20.89, 18.5, 0.0665, 0.1591
2065, 8, 21.85, 19.64, 2.373, 3.248
2065, 9, 18.32, 16.03, 3.018, 6.715
2065, 10, 15.63, 13.34, 162.7, 196.9
2065, 11, 6.738, 4.237, 201.6, 238.1
2065, 12, 2.203, 0.05697, 115.5, 144.6
2066, 1, 3.54, 0.8606, 230.9, 270.7
2066, 2, 5.113, 2.65, 99.15, 113.4
2066, 3, 7.383, 5.139, 362.1, 378.4
2066, 4, 6.505, 4.239, 64.85, 71.69
2066, 5, 13.18, 10.55, 8.467, 9.721
2066, 6, 21.97, 19.36, 1.419, 1.625
2066, 7, 23.85, 21.32, 0.3899, 1.351
2066, 8, 23.2, 20.82, 0.5217, 0.4717
2066, 9, 19.67, 17.38, 9.492, 14.8
2066, 10, 16.34, 13.99, 40.32, 46.22
2066, 11, 4.521, 2.284, 240.5, 255.2
2066, 12, 4.498, 2.392, 202.7, 236.1
2067, 1, 2.815, 0.374, 424.8, 475.2
2067, 2, 5.565, 3.18, 367.1, 408.5
2067, 3, 4.398, 2.223, 100.6, 118.7
2067, 4, 7.322, 5.05, 145.6, 150.1
2067, 5, 12.81, 10.14, 18.19, 19.96
2067, 6, 20.37, 18.03, 121.1, 128.9
2067, 7, 24.99, 22.31, 1.992, 6.611
2067, 8, 23.96, 21.66, 7.845, 21.6
2067, 9, 19.53, 17.23, 22.45, 28.44
2067, 10, 15.74, 13.39, 0.1704, 0.1612
2067, 11, 7.463, 4.823, 155, 175.7
2067, 12, 2.973, 0.7361, 51.08, 57.64
2068, 1, 3.129, 0.6117, 336.9, 367.7
2068, 2, 3.359, 0.7962, 323.7, 335.2
2068, 3, 8.107, 5.783, 127, 131
2068, 4, 5.655, 3.48, 7.59, 11.52
2068, 5, 14.73, 12.36, 31.55, 35.35
2068, 6, 16.57, 14.06, 25.74, 31.42
2068, 7, 22.14, 19.56, 2.955, 3.99
2068, 8, 21.31, 19.01, 3.88, 7.601
2068, 9, 19.15, 16.74, 143.8, 152.5
2068, 10, 17.01, 14.63, 4.15, 4.025
2068, 11, 6.492, 4.183, 397, 463.3
2068, 12, 4.588, 2.449, 417.3, 485.4
2069, 1, 3.148, 0.5921, 281.4, 319.4
2069, 2, 6.383, 4.059, 56.97, 62.65
2069, 3, 6.21, 3.931, 33.42, 37.54
2069, 4, 9.657, 7.328, 21.21, 22.97
2069, 5, 16.09, 13.77, 11.38, 11.5
2069, 6, 18.18, 16.03, 30.11, 34.28
2069, 7, 24.91, 22.5, 1.779, 9.466
2069, 8, 22.98, 20.73, 1.433, 3.394
2069, 9, 16.56, 14.45, 12.98, 16.09
2069, 10, 17.59, 15.35, 229.5, 256
2069, 11, 6.971, 4.65, 423.1, 479.2
2069, 12, 3.409, 1.21, 80.44, 93.63
2070, 1, 2.464, -0.03621, 506, 562.2
2070, 2, 5.13, 2.993, 209.7, 212.2
2070, 3, 7.343, 4.899, 138.6, 150
2070, 4, 13.22, 10.61, 133.9, 141.7
2070, 5, 16.96, 14.54, 32.99, 35.87
2070, 6, 18.32, 15.93, 56.71, 69.73
2070, 7, 23.67, 21.14, 2.882, 4.06
2070, 8, 21.94, 19.91, 13.31, 23.04
2070, 9, 18.43, 16.32, 12.36, 26.24
2070, 10, 10.22, 8.228, 62.73, 77.68
2070, 11, 5.359, 3.116, 14.23, 18.64
2070, 12, 3.719, 1.531, 107.7, 127.2
2071, 1, 0.8958, -1.595, 135.7, 159.3
2071, 2, 4.735, 2.423, 182.8, 203.7
2071, 3, 5.994, 3.558, 310.5, 326
2071, 4, 7.245, 5.109, 36.97, 43.5
2071, 5, 15.69, 13.07, 12.13, 14.94
2071, 6, 16.25, 13.83, 92.56, 119.8
2071, 7, 23.31, 20.69, 24.93, 43.49
2071, 8, 22.34, 20.01, 1.373, 1.353
2071, 9, 18.56, 16.18, 6.594, 19.21
2071, 10, 13.82, 11.43, 118.8, 138.4
2071, 11, 9.775, 7.204, 433.1, 492.2
2071, 12, 3.999, 1.703, 483.3, 563.8
2072, 1, 5.514, 3.234, 976.1, 1071
2072, 2, 4.859, 2.441, 746.1, 796.5
2072, 3, 4.931, 2.856, 162.5, 171.3
2072, 4, 7.515, 5.553, 81.98, 85.36
2072, 5, 14.37, 11.98, 54.72, 63.4
2072, 6, 17.13, 14.38, 0.1021, 0.4474
2072, 7, 22.64, 20.1, 0.7317, 2.732
2072, 8, 22.62, 20.35, 1.374, 1.339
2072, 9, 20.03, 17.28, 8.638, 11.3
2072, 10, 12.51, 10.44, 19.72, 19.91
2072, 11, 5.551, 3.47, 54.53, 66.66
2072, 12, 3.099, 0.9735, 396, 470
2073, 1, 1.03, -1.481, 361.7, 404.4
2073, 2, 1.05, -1.365, 113.6, 126.5
2073, 3, 5.807, 3.325, 304.4, 333
2073, 4, 8.491, 6.098, 173.8, 183.3
2073, 5, 7.938, 5.428, 79.96, 93.85
2073, 6, 20.39, 17.72, 4.574, 5.467
2073, 7, 21.73, 19.18, 0, 0.008678
2073, 8, 25.47, 23.22, 0.8563, 1.655
2073, 9, 19.54, 17.21, 3.808, 6.218
2073, 10, 17.92, 15.41, 14.65, 23.74
2073, 11, 8.339, 6.077, 439.5, 501.8
2073, 12, 4.612, 2.5, 187.2, 218.9
2074, 1, 1.797, -0.8024, 0.2932, 0.9559
2074, 2, 4.357, 1.801, 142.9, 169.5
2074, 3, 3.551, 1.34, 163.1, 177.6
2074, 4, 8.193, 5.87, 180.4, 196.4
2074, 5, 7.611, 5.207, 23.37, 30.77
2074, 6, 21.13, 18.49, 0.1205, 0.3055
2074, 7, 22.5, 19.88, 0.7812, 2.796
2074, 8, 24.29, 22, 0.8998, 4.13
2074, 9, 20.49, 18.05, 7.592, 12.24
2074, 10, 15.07, 12.63, 1.455, 1.579
2074, 11, 5.44, 3.229, 20.3, 25.37
2074, 12, 4.281, 2.174, 193.4, 219.7
2075, 1, 5.697, 3.155, 460, 494
2075, 2, 3.918, 1.465, 364.7, 413.7
2075, 3, 1.378, -1.106, 390, 434.7
2075, 4, 3.813, 1.702, 262.5, 277.9
2075, 5, 14.06, 11.51, 8.779, 8.94
2075, 6, 20.94, 18.15, 2.098, 3.343
2075, 7, 22.03, 19.54, 0.481, 1.641
2075, 8, 21.51, 19.15, 1.918, 3.281
2075, 9, 19.42, 17.11, 41.58, 51.1
2075, 10, 18.27, 15.84, 42.08, 46.8
2075, 11, 12.72, 10.34, 200, 231.6
2075, 12, 7.429, 5.376, 711.8, 846.2
2076, 1, 3.028, 0.7067, 186.8, 204.8
2076, 2, 2.36, -0.005966, 599.4, 688.3
2076, 3, 4.546, 2.269, 265, 277.2
2076, 4, 5.662, 3.501, 20.67, 23.28
2076, 5, 14.55, 12.13, 56.43, 62.87
2076, 6, 19.2, 16.43, 25.49, 35.17
2076, 7, 22.8, 20.06, 105, 150.4
2076, 8, 23.61, 21.25, 4.706, 7.153
2076, 9, 15.89, 13.53, 7.291, 14.25
2076, 10, 15.92, 13.7, 167.7, 207.5
2076, 11, 4.308, 1.88, 488.5, 563.4
2076, 12, 2.973, 0.7898, 110.7, 140.1
2077, 1, 3.578, 1.176, 606.4, 683.6
2077, 2, 2.955, 0.3968, 436.9, 465
2077, 3, 6.011, 3.828, 194.1, 206.9
2077, 4, 10.09, 7.717, 134.2, 142.4
2077, 5, 11.26, 8.862, 42.86, 46.87
2077, 6, 17.44, 15, 0.6853, 0.9615
2077, 7, 21.62, 19, 1.317, 2.036
2077, 8, 22.36, 20.02, 1.466, 3.246
2077, 9, 23.12, 20.7, 64.49, 72.69
2077, 10, 10.3, 8.216, 63.31, 71.58
2077, 11, 6.973, 4.706, 337.5, 391.4
2077, 12, 3.524, 1.301, 426.9, 512.3
2078, 1, 3.71, 1.366, 488.1, 535.5
2078, 2, 3.664, 1.507, 342.4, 373.7
2078, 3, 4.166, 1.894, 76.52, 84.02
2078, 4, 8.194, 5.825, 40.44, 40.64
2078, 5, 12.94, 10.4, 0.5723, 2.11
2078, 6, 20.43, 17.7, 0, 0
2078, 7, 24.25, 21.62, 1.902, 2.615
2078, 8, 23.04, 20.81, 1.21, 1.122
2078, 9, 17.24, 15.18, 0.1436, 0.4305
2078, 10, 15.03, 12.79, 34.77, 47.98
2078, 11, 3.905, 1.676, 104.9, 118.4
2078, 12, 3.245, 1.205, 74.47, 90.95
2079, 1, 1.593, -0.8113, 4.226, 7.162
2079, 2, 4.385, 1.94, 253.3, 286.7
2079, 3, 6.041, 3.628, 390.9, 420.6
2079, 4, 7.446, 4.981, 226.1, 245.4
2079, 5, 17, 14.33, 61.07, 71.62
2079, 6, 20.28, 17.67, 12.21, 10.97
2079, 7, 23.59, 21, 2.39, 3.135
2079, 8, 23.06, 20.85, 35.12, 72.92
2079, 9, 20.72, 18.4, 15.79, 21.34
2079, 10, 15.28, 12.84, 20.44, 22.3
2079, 11, 10.42, 7.932, 41.11, 50.06
2079, 12, 4.304, 2.075, 364.7, 417.4
2080, 1, 6.232, 3.629, 273, 302.9
2080, 2, 2.017, -0.4204, 240.4, 274.1
2080, 3, 6.645, 4.472, 418, 467.5
2080, 4, 6.438, 4.364, 25.42, 23.49
2080, 5, 12.76, 10.58, 144.2, 174.5
2080, 6, 16.39, 13.84, 3.466, 4.521
2080, 7, 23.42, 20.82, 4.826, 9.638
2080, 8, 21.96, 19.87, 0, 0
2080, 9, 21.05, 18.54, 1.188, 2.239
2080, 10, 17.22, 14.94, 111.8, 120.4
2080, 11, 10.22, 7.878, 198.9, 239.1
2080, 12, 6.059, 4.025, 305.3, 377.1
2081, 1, 1.11, -1.291, 182.4, 206.4
2081, 2, 5.258, 3.003, 260.1, 279.4
2081, 3, 5.695, 3.34, 98.22, 110.3
2081, 4, 11.09, 8.802, 383, 401.9
2081, 5, 11.86, 9.629, 128.2, 130
2081, 6, 18.18, 15.71, 5.504, 10.1
2081, 7, 24.87, 22.28, 85.32, 103.4
2081, 8, 22.63, 20.33, 1.733, 1.759
2081, 9, 21.77, 19.34, 9.066, 15.27
2081, 10, 13.67, 11.39, 54.28, 59.49
2081, 11, 5.049, 2.681, 108.3, 119.8
2081, 12, 3.611, 1.559, 106.3, 124.9
2082, 1, 4.59, 2.284, 111.8, 129.3
2082, 2, 1.95, -0.7024, 204.3, 221.2
2082, 3, 9.826, 7.673, 331.1, 363.5
2082, 4, 6.015, 3.902, 143.6, 157.5
2082, 5, 8.583, 6.179, 59.75, 62.32
2082, 6, 19.77, 17.03, 1.312, 1.772
2082, 7, 23.43, 20.84, 14.2, 17.03
2082, 8, 22.76, 20.55, 2.07, 5.805
2082, 9, 22.44, 19.97, 3.244, 6.538
2082, 10, 17.22, 15.02, 30.85, 31.27
2082, 11, 8.363, 5.991, 248.7, 282.1
2082, 12, 2.53, 0.3462, 300.5, 355.7
2083, 1, 3.736, 1.194, 670.7, 751.5
2083, 2, 6.797, 4.251, 237.2, 254.5
2083, 3, 5.004, 2.923, 218.6, 226.2
2083, 4, 5.655, 3.599, 140.3, 142.1
2083, 5, 11.58, 9.23, 109.8, 114.4
2083, 6, 20.57, 17.99, 1.269, 5.995
2083, 7, 23.63, 21.11, 2.584, 4.222
2083, 8, 22.98, 20.74, 0, 0.001098
2083, 9, 22.56, 20.18, 4.803, 8.982
2083, 10, 17, 14.67, 10.84, 9.384
2083, 11, 5.167, 2.82, 16.76, 21.5
2083, 12, 2.464, 0.2132, 203.7, 238
2084, 1, 2.462, 0.08145, 584.7, 640.9
2084, 2, 4.432, 1.955, 85.3, 90.02
2084, 3, 7.02, 4.538, 129.3, 146.3
2084, 4, 6.757, 4.351, 122.4, 136.7
2084, 5, 10.84, 8.496, 6.254, 10.35
2084, 6, 19.18, 16.62, 0.1096, 0.1826
2084, 7, 26.18, 23.48, 0.02369, 0.03981
2084, 8, 23.36, 21.24, 12.2, 19.79
2084, 9, 17.74, 15.43, 5.509, 7.585
2084, 10, 18.91, 16.46, 6.647, 8.47
2084, 11, 11.05, 8.721, 90.05, 101.2
2084, 12, 4.524, 2.631, 15.36, 17.09
2085, 1, 2.089, -0.3593, 104, 113.1
2085, 2, 4.611, 2.086, 13.55, 17.26
2085, 3, 6.007, 3.51, 55.34, 59.58
2085, 4, 7.104, 4.968, 3.301, 6.112
2085, 5, 15.08, 12.69, 10.88, 12.64
2085, 6, 21, 18.29, 231.3, 260.8
2085, 7, 22.57, 20.05, 1.451, 2.137
2085, 8, 23.02, 20.72, 0.02229, 0.3251
2085, 9, 22.36, 19.95, 1.106, 1.138
2085, 10, 17.93, 15.51, 99.51, 112.3
2085, 11, 6.125, 3.818, 111.6, 126.7
2085, 12, 6.297, 4.086, 62.06, 76.2
2086, 1, 6.089, 3.456, 302.1, 353
2086, 2, 10.43, 7.809, 122.7, 135.9
2086, 3, 10.63, 7.978, 182.4, 209.4
2086, 4, 13.84, 11.28, 144, 144.6
2086, 5, 21.84, 19.1, 25.84, 34.45
2086, 6, 14.36, 11.73, 0.7158, 0.5478
2086, 7, 23.89, 21.14, 0, 0
2086, 8, 23.73, 21.38, 5.633, 15.77
2086, 9, 21.25, 18.86, 1.702, 3.784
2086, 10, 12.84, 10.76, 6.879, 7.162
2086, 11, 4.336, 1.846, 53.52, 59.55
2086, 12, 6.225, 4.278, 358.4, 405.1
2087, 1, 3.174, 0.483, 188.2, 225
2087, 2, 4.97, 2.456, 130.8, 138
2087, 3, 7.571, 5.058, 142.3, 155.4
2087, 4, 6.299, 4.081, 185.4, 191.7
2087, 5, 15.86, 13.47, 76.88, 78.67
2087, 6, 23.46, 20.7, 53.03, 61.57
2087, 7, 22.28, 19.74, 7.438, 12.14
2087, 8, 21.84, 19.62, 0.6195, 0.5939
2087, 9, 21.85, 19.49, 15.74, 20.02
2087, 10, 17.44, 15.08, 62.84, 74.19
2087, 11, 10.66, 8.272, 113.1, 140.5
2087, 12, 3.841, 1.765, 161.6, 190
2088, 1, 2.405, -0.2046, 66.85, 73.17
2088, 2, 6.156, 3.569, 39.03, 40.16
2088, 3, 5.873, 3.508, 114.9, 129.2
2088, 4, 5.601, 3.38, 173.5, 182
2088, 5, 10.84, 8.708, 38.13, 38.3
2088, 6, 21.01, 18.32, 2.17, 2.593
2088, 7, 24.42, 21.75, 1.775, 7.16
2088, 8, 22.92, 20.7, 3.115, 6.068
2088, 9, 19.55, 17.42, 9.475, 13.2
2088, 10, 15.79, 13.51, 7.394, 7.534
2088, 11, 5.924, 3.713, 296.4, 339.5
2088, 12, 5.578, 3.511, 308.7, 349
2089, 1, 6.267, 3.87, 106.1, 124.6
2089, 2, 8.594, 6.205, 539, 608.8
2089, 3, 8.117, 5.882, 205.2, 225.2
2089, 4, 6.917, 4.73, 112.8, 118.8
2089, 5, 13.94, 11.44, 16.07, 19.34
2089, 6, 20.82, 18.22, 0, 0
2089, 7, 22.69, 20.19, 2.186, 2.846
2089, 8, 24.38, 21.98, 7.663, 14.35
2089, 9, 21.02, 19.09, 10.39, 15.54
2089, 10, 16.24, 13.98, 78.08, 96.42
2089, 11, 7.377, 4.946, 58.11, 68.71
2089, 12, 4.302, 2.056, 159.3, 185.1
2090, 1, 4.297, 1.816, 345.6, 376.2
2090, 2, 4.998, 2.433, 180.7, 206.8
2090, 3, 7.176, 4.98, 118.8, 134.4
2090, 4, 4.679, 2.536, 56.19, 58.35
2090, 5, 13.89, 11.4, 0.1279, 0.3227
2090, 6, 21.31, 18.63, 0.007525, 0.01801
2090, 7, 25.83, 23.17, 4.57, 7.711
2090, 8, 26.35, 24.09, 0, 0.1953
2090, 9, 20.07, 17.95, 3.609, 5.985
2090, 10, 10.92, 8.704, 21.72, 26.24
2090, 11, 7.499, 5.052, 456.9, 527.7
2090, 12, 5.266, 3.218, 343.2, 410.2
2091, 1, 4.117, 1.723, 444.4, 489.9
2091, 2, 3.567, 0.9953, 63.43, 72.76
2091, 3, 6.343, 3.937, 245.1, 269.6
2091, 4, 9.992, 7.617, 118.9, 127
2091, 5, 18.31, 15.78, 2.615, 2.824
2091, 6, 22.41, 19.61, 10.86, 15.01
2091, 7, 25.5, 22.86, 0, 0
2091, 8, 21.64, 19.47, 0.75, 0.9589
2091, 9, 21.38, 18.99, 4.142, 4.716
2091, 10, 16.39, 14.12, 83.32, 93.01
2091, 11, 3.262, 0.9566, 34.91, 46.75
2091, 12, 4.328, 1.968, 127.5, 161.2
2092, 1, 3.649, 1.141, 100.7, 119
2092, 2, 4.875, 2.207, 506.3, 541.6
2092, 3, 5.418, 3.549, 186.6, 204
2092, 4, 7.062, 4.96, 21.85, 24.24
2092, 5, 18.34, 15.87, 1.5, 2.106
2092, 6, 20.17, 17.55, 9.042, 13.25
2092, 7, 24.88, 22.34, 94.19, 124.5
2092, 8, 23.9, 21.64, 1.814, 2.407
2092, 9, 23.4, 20.84, 1.177, 2.866
2092, 10, 13.36, 11.33, 25.64, 32.31
2092, 11, 9.197, 6.707, 108, 122.9
2092, 12, 5.21, 3.11, 365, 445.2
2093, 1, 5.873, 3.374, 221.2, 255.7
2093, 2, 3.085, 0.5595, 629.4, 679.8
2093, 3, 5.933, 3.446, 122.7, 135.5
2093, 4, 8.468, 6.054, 49.94, 57.68
2093, 5, 19.32, 16.69, 28.3, 35.54
2093, 6, 19.79, 17.4, 17.18, 24.03
2093, 7, 25.58, 22.99, 0, 0.001692
2093, 8, 24, 21.76, 1.598, 2.302
2093, 9, 22.02, 19.86, 5.134, 8.429
2093, 10, 15.1, 12.98, 59.74, 64.72
2093, 11, 6.248, 3.634, 77.66, 100.4
2093, 12, 4.458, 2.328, 73.91, 89.32
2094, 1, 2.396, -0.0008876, 436.9, 489.4
2094, 2, 4.177, 2.019, 549.4, 613.6
2094, 3, 9.381, 6.754, 57.14, 67.64
2094, 4, 7.582, 5.378, 124.2, 135
2094, 5, 17.03, 14.51, 4.526, 7.711
2094, 6, 22.79, 20.03, 2.444, 4.035
2094, 7, 23.48, 21.02, 0.03031, 0.02974
2094, 8, 24.89, 22.73, 7.918, 8.632
2094, 9, 20.55, 18.31, 14.7, 19.49
2094, 10, 15.87, 13.55, 20.59, 24.23
2094, 11, 3.867, 1.319, 367.5, 420.5
2094, 12, 6.482, 4.173, 193.8, 219
2095, 1, 5.253, 3.079, 31.49, 34.73
2095, 2, 3.95, 1.556, 67.72, 76.71
2095, 3, 8.566, 6.169, 195.9, 220
2095, 4, 10.36, 8.096, 76.13, 83.88
2095, 5, 15.11, 12.43, 174.2, 183.1
2095, 6, 21.59, 19.02, 4.85, 6.596
2095, 7, 25.42, 22.81, 5.414, 9.349
2095, 8, 24.66, 22.22, 0.3327, 0.8878
2095, 9, 20.55, 18.42, 0, 0
2095, 10, 16.07, 13.82, 76.14, 93.91
2095, 11, 5.753, 3.13, 225.7, 266.3
2095, 12, 3.358, 1.211, 104.8, 119.5
2096, 1, 3.3, 0.4861, 41.4, 40.69
2096, 2, 7.779, 5.287, 176.6, 183.4
2096, 3, 5.039, 2.789, 63.87, 77.91
2096, 4, 8.673, 6.448, 129.1, 144.4
2096, 5, 9.122, 6.765, 1.807, 1.858
2096, 6, 21.07, 18.37, 31.07, 41.48
2096, 7, 23.94, 21.51, 2.401, 3.58
2096, 8, 21.34, 19.04, 0.3851, 1.187
2096, 9, 20.96, 18.64, 1.406, 1.895
2096, 10, 13.98, 11.99, 33.7, 44.25
2096, 11, 7.431, 5.131, 506, 591.6
2096, 12, 6.747, 5.045, 266.8, 329.8
2097, 1, 3.799, 1.419, 42.44, 53.24
2097, 2, 3.955, 1.885, 74.25, 85.68
2097, 3, 7.332, 4.769, 13.49, 17.2
2097, 4, 11.37, 9.115, 85.68, 87.44
2097, 5, 18.43, 15.86, 0.0474, 0.2455
2097, 6, 17.4, 14.68, 13.11, 21.32
2097, 7, 25.72, 23.27, 0.3925, 1.636
2097, 8, 23.08, 20.84, 8.73, 15.61
2097, 9, 20.07, 17.92, 4.135, 6.207
2097, 10, 15.62, 13.37, 36.14, 38.33
2097, 11, 4.301, 1.916, 322.3, 360.5
2097, 12, 2.802, 0.5225, 23.26, 27.81
2098, 1, 5.136, 2.904, 107.1, 118.4
2098, 2, 5.043, 2.419, 385.5, 402.5
2098, 3, 10.55, 8.144, 210.7, 233
2098, 4, 11.08, 8.573, 247.1, 266.4
2098, 5, 20.49, 17.86, 55.7, 60.07
2098, 6, 19.07, 16.73, 9.783, 13.51
2098, 7, 24.41, 21.7, 5.956, 10.39
2098, 8, 21.48, 19.25, 1.493, 2.456
2098, 9, 23.26, 21.02, 3.356, 7.903
2098, 10, 15.75, 13.56, 71.03, 72.7
2098, 11, 8.961, 6.637, 73.4, 83.98
2098, 12, 4.077, 2.024, 55.1, 68.64
2099, 1, 3.972, 1.677, 71.86, 82.71
2099, 2, 3.336, 0.8966, 176.6, 197
2099, 3, 8.576, 6.25, 493, 538.4
2099, 4, 5.717, 3.414, 31.66, 34.41
2099, 5, 11.18, 8.944, 0.3487, 1.164
2099, 6, 17.55, 14.97, 6.292, 9.748
2099, 7, 24.57, 21.92, 3.578, 5.299
2099, 8, 24.19, 21.8, 1.697, 2.119
2099, 9, 22.33, 20.09, 3.196, 3.04
2099, 10, 19.31, 16.79, 93.68, 102.4
2099, 11, 8.622, 6.17, 311.5, 361
2099, 12, 4.553, 2.387, 16.03, 20.72
