# Created by WEAP: 5/10/2021 8:08:15 PM

# Climate time series data extracted from NetCDF file: \\VIRACOCHA\users\David\Downloads\monthly_HadGEM2-CC_rcp85.nc
# Raster grid: 368 rows x 368 columns, (53 N, 125 W) - (30 N, 102 W), 0.062 degree resolution (approximately 7 km)
# Timespan: Monthly, January 2006 - December 2099 (1,128 data points)
# Variables extracted:
#      tavg: tasmax[C]
#      Prcp: pr[mm]

# WEAP Catchment: CA_PGE_CEN_MF Upr San Jo (83,241 ha)
# Climate grid intersected and averaged over each elevation band of catchment: 0 - 1000 m (188 ha),  1000 - 2000 m (32,663 ha),  2000 - 3000 m (49,604 ha),  3000 - 4000 m (786 ha)

"$ListSeparator = ,"
"$DecimalSymbol = ."

$Columns = Year, Month, tavg[C]:Elevation 0 to 1000 m, tavg[C]:Elevation 1000 to 2000 m, tavg[C]:Elevation 2000 to 3000 m, tavg[C]:Elevation 3000 to 4000 m, Prcp[mm]:Elevation 0 to 1000 m, Prcp[mm]:Elevation 1000 to 2000 m, Prcp[mm]:Elevation 2000 to 3000 m, Prcp[mm]:Elevation 3000 to 4000 m

2006, 1, 5.595, 2.805, -0.8785, -3.95, 17.92, 17.97, 19.32, 22.47
2006, 2, 10.63, 7.949, 4.36, 1.345, 0.876, 1.352, 1.957, 2.717
2006, 3, 12.29, 9.603, 6.064, 2.98, 76.22, 75.88, 76.61, 70.71
2006, 4, 14.46, 11.64, 7.911, 4.706, 54.83, 61.09, 62.46, 50.6
2006, 5, 17.28, 14.56, 10.91, 7.694, 23.23, 26.36, 31.34, 36.46
2006, 6, 21.09, 18.28, 14.54, 11.22, 0.04667, 0.1699, 0.3066, 0.5445
2006, 7, 23.99, 21.2, 17.49, 14.19, 0.209, 0.2077, 0.2534, 0.3724
2006, 8, 25.15, 22.31, 18.54, 15.25, 3.087, 5.156, 9.11, 13.31
2006, 9, 18.16, 15.29, 11.56, 8.347, 10.21, 12.51, 15.71, 16.12
2006, 10, 15.24, 12.51, 8.799, 5.547, 5.959, 5.966, 6.245, 6.431
2006, 11, 13.38, 10.61, 6.855, 3.66, 21.4, 19.27, 18.92, 22.72
2006, 12, 6.415, 3.75, 0.006176, -3.193, 109.2, 105.3, 109, 122.6
2007, 1, 7.581, 4.743, 1.003, -2.174, 247.1, 242.5, 245.3, 245
2007, 2, 3.58, 0.8538, -2.801, -5.9, 163.1, 158, 164.4, 169.5
2007, 3, 7.897, 5.157, 1.491, -1.653, 105.2, 105, 107.9, 97.55
2007, 4, 10.67, 7.856, 4.196, 1.012, 158.6, 156.9, 157.8, 156.2
2007, 5, 14.68, 11.93, 8.284, 5.071, 35.45, 34.76, 37.72, 39.59
2007, 6, 18.49, 15.67, 11.94, 8.658, 5.329, 7.471, 9.447, 11
2007, 7, 24.8, 22.08, 18.35, 14.97, 0.1179, 0.307, 0.9265, 1.379
2007, 8, 21.94, 19.09, 15.31, 12.11, 6.468, 10.91, 16.64, 22.67
2007, 9, 18.45, 15.65, 11.96, 8.764, 0.08376, 0.4867, 1.139, 4.166
2007, 10, 18.27, 15.52, 11.79, 8.54, 15.58, 13.87, 11.45, 11.04
2007, 11, 9.348, 6.632, 2.958, -0.1948, 12.81, 12.56, 13.06, 19.34
2007, 12, 7.277, 4.592, 0.8109, -2.413, 5.56, 7.04, 8.093, 9.613
2008, 1, 5.938, 3.123, -0.5982, -3.793, 302.8, 292, 294.2, 288.7
2008, 2, 7.18, 4.512, 0.868, -2.296, 50.72, 53.5, 56.62, 55.14
2008, 3, 9.647, 6.966, 3.301, 0.106, 54.41, 58.11, 60.19, 58.03
2008, 4, 14.22, 11.38, 7.655, 4.449, 29.64, 30.59, 32.85, 31.95
2008, 5, 15.74, 12.95, 9.203, 5.853, 37.5, 42.03, 47.2, 48.9
2008, 6, 22.46, 19.66, 15.9, 12.57, 0.4957, 0.8278, 1.231, 1.569
2008, 7, 22.67, 19.88, 16.14, 12.77, 0.3792, 1.258, 2.342, 2.463
2008, 8, 23.12, 20.29, 16.49, 13.1, 1.325, 3.18, 5.527, 8.298
2008, 9, 23.28, 20.34, 16.49, 13.1, 3.362, 4.479, 5.296, 9.123
2008, 10, 15.24, 12.48, 8.741, 5.456, 103.7, 97.51, 95.78, 94.2
2008, 11, 12.28, 9.538, 5.776, 2.551, 14.93, 15.81, 14.88, 12.33
2008, 12, 8.52, 5.674, 1.872, -1.342, 87.78, 84.93, 88.32, 90.99
2009, 1, 6.773, 3.903, 0.1484, -3.018, 691.3, 637.9, 646.3, 697
2009, 2, 9.184, 6.413, 2.777, -0.3916, 71.35, 69.07, 68.27, 68.74
2009, 3, 11.26, 8.527, 4.898, 1.788, 85.93, 91.35, 99.31, 101.5
2009, 4, 13.85, 11.03, 7.296, 4.099, 33.36, 36.35, 38.58, 32.22
2009, 5, 15.36, 12.52, 8.716, 5.336, 51.04, 52.13, 57.21, 67.42
2009, 6, 19.37, 16.55, 12.83, 9.587, 24.37, 32.78, 38.39, 36.17
2009, 7, 24.38, 21.52, 17.73, 14.41, 0.08829, 0.5617, 1.458, 2.262
2009, 8, 25.37, 22.54, 18.76, 15.41, 2.684, 4.639, 7.406, 10.5
2009, 9, 17.98, 15.19, 11.44, 8.076, 61.68, 74.71, 88.78, 92.44
2009, 10, 16.62, 13.8, 10.02, 6.776, 0.952, 1.424, 1.909, 2.414
2009, 11, 7.603, 4.753, 1.043, -2.091, 184.5, 172.6, 169.2, 175.2
2009, 12, 6.908, 4.207, 0.4557, -2.823, 189.3, 187.9, 185.1, 176.1
2010, 1, 6.879, 4.002, 0.246, -2.983, 302, 289.5, 300.4, 327.2
2010, 2, 8.964, 6.162, 2.484, -0.6706, 126.3, 120.8, 122.2, 129
2010, 3, 7.229, 4.551, 0.9815, -2.202, 112.5, 113.4, 117.5, 124.9
2010, 4, 8.686, 5.886, 2.202, -1.066, 46.34, 49.12, 51.05, 45.85
2010, 5, 16.94, 14.17, 10.44, 7.103, 6.653, 8.801, 11.81, 14.39
2010, 6, 20.73, 17.97, 14.2, 10.81, 1.818, 2.814, 3.372, 3.918
2010, 7, 25.18, 22.41, 18.64, 15.24, 0.3785, 0.9355, 1.304, 1.572
2010, 8, 21.25, 18.28, 14.45, 11.2, 3.21, 5.738, 9.696, 16.07
2010, 9, 19.43, 16.64, 12.93, 9.683, 5.807, 7.801, 10.1, 12.17
2010, 10, 16.45, 13.59, 9.735, 6.376, 7.838, 8.701, 10.31, 11.09
2010, 11, 10.92, 8.123, 4.342, 1.096, 122.6, 116.6, 116.1, 120.8
2010, 12, 5.1, 2.469, -1.277, -4.525, 208.8, 204, 207.9, 209.4
2011, 1, 5.908, 3.136, -0.5292, -3.607, 91.97, 88.52, 92.82, 111.4
2011, 2, 7.19, 4.373, 0.6217, -2.615, 290.6, 271.9, 271.6, 270.3
2011, 3, 9.221, 6.474, 2.778, -0.4436, 124.4, 118, 121.8, 124.7
2011, 4, 15.17, 12.32, 8.582, 5.367, 37.1, 36.63, 39.3, 37.62
2011, 5, 17.05, 14.35, 10.65, 7.296, 33.31, 34.32, 39, 49.78
2011, 6, 16.37, 13.62, 9.855, 6.531, 10.01, 13.74, 16.86, 20.33
2011, 7, 23.09, 20.23, 16.43, 13.12, 0.09802, 0.5211, 1.175, 1.447
2011, 8, 23.86, 21.06, 17.29, 13.96, 4.182, 7.508, 12.18, 20.75
2011, 9, 19.13, 16.37, 12.71, 9.46, 4.898, 6.786, 9.512, 12.43
2011, 10, 15.67, 12.94, 9.198, 5.881, 8.453, 8.76, 9.774, 14.82
2011, 11, 10.73, 7.867, 4.071, 0.9123, 55.39, 51.01, 48.67, 48.51
2011, 12, 9.403, 6.772, 3.037, -0.2554, 66.29, 68.4, 73.9, 82.81
2012, 1, 9.021, 6.271, 2.548, -0.5627, 80.11, 74.4, 78.98, 98.77
2012, 2, 6.512, 3.916, 0.3377, -2.747, 138.4, 136.7, 132.4, 134.7
2012, 3, 15.08, 12.32, 8.638, 5.463, 58.99, 62.54, 63.56, 57.33
2012, 4, 14.42, 11.67, 7.962, 4.769, 48.6, 45.15, 44.77, 47.19
2012, 5, 17.32, 14.53, 10.89, 7.714, 5.212, 5.905, 7.022, 7.235
2012, 6, 21.61, 18.85, 15.11, 11.82, 7.928, 11.96, 16.29, 21.81
2012, 7, 24.36, 21.54, 17.82, 14.57, 0.6655, 1.84, 3.9, 5.835
2012, 8, 25.43, 22.61, 18.87, 15.56, 0.3505, 1.041, 2.514, 6.417
2012, 9, 24.5, 21.64, 17.89, 14.68, 0, 0.001923, 0.03009, 0.2479
2012, 10, 18.18, 15.45, 11.68, 8.401, 18.24, 18.66, 18.26, 17.35
2012, 11, 6.809, 3.963, 0.1526, -3.156, 345.1, 311.3, 294.2, 304.3
2012, 12, 5.283, 2.508, -1.244, -4.492, 383.6, 364.9, 365.6, 372.1
2013, 1, 4.753, 1.862, -1.883, -5.049, 270.2, 263.1, 270, 284.7
2013, 2, 11.77, 9.096, 5.448, 2.213, 94.24, 93.01, 98.06, 100.6
2013, 3, 12.85, 9.999, 6.283, 3.109, 84.6, 87.08, 91.07, 91.85
2013, 4, 11.24, 8.385, 4.598, 1.287, 214.3, 222.7, 231.1, 207.6
2013, 5, 13.21, 10.4, 6.664, 3.417, 105.5, 106.4, 114.8, 120.9
2013, 6, 18.42, 15.57, 11.8, 8.498, 10.61, 13.31, 15.45, 18.72
2013, 7, 25.69, 22.91, 19.17, 16.03, 0.9796, 2.055, 3.165, 4.117
2013, 8, 22.54, 19.71, 15.96, 12.79, 0.8147, 1.381, 2.915, 5.945
2013, 9, 22.03, 19.19, 15.47, 12.28, 7.333, 10.68, 13.91, 15.08
2013, 10, 14.24, 11.41, 7.657, 4.313, 72.57, 71.75, 73.97, 73.43
2013, 11, 11.84, 9.042, 5.268, 2.069, 26.8, 24.74, 24.64, 27.05
2013, 12, 7.948, 5.113, 1.269, -1.965, 153.5, 153.1, 159.2, 168.6
2014, 1, 9.597, 6.804, 3.037, -0.2074, 36.34, 37.6, 40.01, 42.84
2014, 2, 9.105, 6.487, 2.918, -0.1484, 32.2, 32.16, 32.93, 31.85
2014, 3, 10.01, 7.263, 3.625, 0.4553, 180.8, 188.7, 198.2, 190.3
2014, 4, 7.427, 4.611, 0.8891, -2.355, 219, 231.8, 247.6, 230
2014, 5, 14.19, 11.36, 7.608, 4.291, 20.72, 21.67, 23.18, 22.59
2014, 6, 16.47, 13.69, 9.925, 6.632, 6.103, 7.593, 8.816, 8.923
2014, 7, 25.01, 22.22, 18.45, 15.19, 0.07618, 0.6783, 2.028, 4.685
2014, 8, 24.21, 21.4, 17.61, 14.34, 11.31, 15.15, 21.38, 28.25
2014, 9, 23.44, 20.59, 16.83, 13.59, 7.413, 8.077, 8.925, 9.939
2014, 10, 21.96, 19.15, 15.35, 12.08, 35.89, 37.92, 40.02, 40.35
2014, 11, 9.735, 6.982, 3.281, 0.06884, 235.3, 220.7, 222.2, 230.2
2014, 12, 7.95, 5.185, 1.362, -1.913, 293.9, 277, 273.4, 275
2015, 1, 7.072, 4.18, 0.4057, -2.817, 292.5, 276.8, 281.8, 286.6
2015, 2, 10.27, 7.529, 3.821, 0.6348, 167, 166, 166.4, 164.6
2015, 3, 10.35, 7.638, 3.943, 0.7404, 158, 161.5, 167.5, 154.1
2015, 4, 11.65, 8.826, 5.152, 1.895, 136.6, 140, 146.1, 139
2015, 5, 14.17, 11.39, 7.673, 4.349, 33.83, 35.52, 41.18, 44.78
2015, 6, 20.73, 17.86, 14.05, 10.69, 3.84, 5.166, 5.88, 6.146
2015, 7, 26.82, 24.03, 20.32, 17.18, 1.626, 3.218, 6.308, 9.615
2015, 8, 24.16, 21.38, 17.67, 14.48, 12.34, 19.17, 29.98, 42.03
2015, 9, 21.58, 18.68, 14.89, 11.59, 11.45, 15.93, 20.21, 24.5
2015, 10, 16.41, 13.6, 9.849, 6.598, 102.8, 99.45, 96.42, 101.9
2015, 11, 11.33, 8.598, 4.835, 1.577, 116.8, 112.2, 107.1, 106.2
2015, 12, 8.448, 5.7, 1.925, -1.363, 158.7, 154.5, 147.8, 135.7
2016, 1, 9.071, 6.153, 2.402, -0.8109, 239.8, 232.1, 237.3, 238
2016, 2, 6.045, 3.171, -0.5019, -3.529, 237.5, 232.2, 234.8, 235.2
2016, 3, 11.73, 9.042, 5.415, 2.304, 40.19, 39.11, 39.68, 36.36
2016, 4, 10.83, 7.973, 4.234, 0.9789, 128, 128, 125.6, 108.2
2016, 5, 17.86, 15.1, 11.47, 8.328, 8.386, 9.005, 9.261, 8.704
2016, 6, 20.43, 17.59, 13.87, 10.64, 27.14, 32.47, 38.29, 44.09
2016, 7, 23.18, 20.26, 16.42, 13.16, 0.396, 1.942, 4.702, 8.103
2016, 8, 25.42, 22.58, 18.8, 15.56, 10.47, 13.73, 18.72, 23.75
2016, 9, 25.09, 22.21, 18.38, 15.03, 0, 0.0167, 0.2254, 1.519
2016, 10, 17.36, 14.54, 10.74, 7.44, 57.94, 59.77, 64.45, 74.76
2016, 11, 10.56, 7.767, 3.976, 0.7273, 60.3, 60.84, 62.75, 64.88
2016, 12, 10.66, 7.947, 4.163, 0.8419, 84, 83.64, 84.14, 84.53
2017, 1, 6.764, 3.967, 0.278, -2.822, 257.1, 235.4, 234.7, 234.7
2017, 2, 3.778, 1.071, -2.649, -5.809, 120.1, 117.7, 121.8, 126.6
2017, 3, 9.185, 6.58, 2.981, -0.2338, 105.8, 108.4, 113.3, 103.3
2017, 4, 9.546, 6.654, 2.922, -0.1511, 78.85, 81.8, 84.66, 70.5
2017, 5, 18.5, 15.69, 11.97, 8.733, 30.13, 32.88, 38.12, 46.45
2017, 6, 21.15, 18.41, 14.72, 11.48, 0.5691, 0.662, 0.7371, 0.5787
2017, 7, 25.02, 22.19, 18.42, 15.15, 0.6841, 2.275, 4.964, 6.914
2017, 8, 22.47, 19.57, 15.81, 12.61, 1.4, 3.325, 8.336, 16.63
2017, 9, 24.48, 21.68, 17.97, 14.72, 4.004, 6.563, 8.719, 9.451
2017, 10, 17.2, 14.42, 10.63, 7.379, 3.99, 5.169, 5.376, 5.164
2017, 11, 10.65, 7.81, 3.959, 0.6365, 140.4, 129.6, 127.9, 139.3
2017, 12, 2.007, -0.7122, -4.441, -7.752, 371.7, 363.2, 362.5, 379.9
2018, 1, 6.09, 3.288, -0.4458, -3.674, 108.5, 99.7, 101.2, 113.6
2018, 2, 3.804, 0.9991, -2.663, -5.79, 151.2, 143.4, 141.4, 142.5
2018, 3, 11.69, 8.96, 5.308, 2.2, 44.96, 45.13, 45.04, 40.49
2018, 4, 9.899, 7.078, 3.374, 0.1159, 35.95, 40.69, 42.53, 39.95
2018, 5, 15.5, 12.7, 9.007, 5.728, 18.12, 18.39, 19.72, 23.22
2018, 6, 19.42, 16.55, 12.81, 9.479, 0.1207, 0.2, 0.4051, 0.7474
2018, 7, 25.72, 22.86, 19.01, 15.57, 4.168, 6.027, 8.684, 10.16
2018, 8, 26.44, 23.55, 19.81, 16.61, 0.5087, 1.896, 4.951, 10.42
2018, 9, 23.38, 20.58, 16.87, 13.62, 17.26, 20.63, 23.03, 23.39
2018, 10, 17.13, 14.39, 10.63, 7.378, 0.7622, 0.6547, 0.986, 1.585
2018, 11, 10.3, 7.556, 3.832, 0.6322, 92.87, 83.75, 79.79, 77.15
2018, 12, 8.39, 5.669, 1.89, -1.456, 170.9, 177.7, 191.6, 209.6
2019, 1, 9.219, 6.453, 2.77, -0.3793, 298.7, 291, 296.5, 298.9
2019, 2, 6.211, 3.438, -0.2459, -3.417, 171, 159.8, 166.2, 183.1
2019, 3, 11.7, 8.903, 5.202, 2.047, 165.7, 163.5, 166, 154.1
2019, 4, 12.6, 9.757, 6.051, 2.927, 13.94, 14.98, 16.85, 15.81
2019, 5, 14.56, 11.75, 8.081, 4.898, 2.198, 3.29, 4.928, 6.012
2019, 6, 22.99, 20.24, 16.5, 13.19, 3.807, 4.149, 3.999, 2.825
2019, 7, 24.5, 21.68, 17.94, 14.65, 0.276, 0.7239, 1.565, 3.412
2019, 8, 25.49, 22.61, 18.8, 15.52, 0.2152, 0.8889, 2.59, 6.55
2019, 9, 23.74, 21, 17.33, 14.1, 2.394, 4.48, 6.117, 8.327
2019, 10, 17.84, 15.05, 11.3, 8.047, 29.21, 27.48, 27.93, 28.3
2019, 11, 10.87, 8.023, 4.143, 0.803, 37.7, 37.68, 37.76, 38.2
2019, 12, 6.327, 3.525, -0.2465, -3.513, 298.1, 285.7, 283.8, 289.8
2020, 1, 6.912, 4.049, 0.2932, -2.862, 99.87, 91.02, 86.11, 81.46
2020, 2, 5.903, 3.18, -0.522, -3.769, 61.13, 60.77, 60.78, 63.09
2020, 3, 11.92, 9.167, 5.583, 2.578, 100.8, 102.8, 107, 99.04
2020, 4, 9.808, 7.02, 3.358, 0.2301, 46.37, 48.39, 52.79, 53.23
2020, 5, 16.97, 14.19, 10.5, 7.244, 29.67, 31.98, 34.08, 37.18
2020, 6, 22.41, 19.63, 15.85, 12.52, 0.7429, 1.807, 3.236, 3.361
2020, 7, 24.97, 22.13, 18.34, 15.03, 3.404, 10.85, 19.9, 29.91
2020, 8, 25.63, 22.8, 19.06, 15.88, 0.8572, 2.224, 3.604, 3.876
2020, 9, 22.23, 19.44, 15.73, 12.43, 2.182, 2.942, 4.387, 6.74
2020, 10, 19.77, 16.93, 13.14, 9.918, 87, 79.67, 76.03, 80.65
2020, 11, 6.212, 3.41, -0.4814, -3.865, 203, 196.5, 205.9, 219.7
2020, 12, 5.744, 2.829, -1.037, -4.331, 204, 197.7, 203.8, 222.8
2021, 1, 5.382, 2.541, -1.228, -4.448, 125.5, 124.2, 131.6, 133.9
2021, 2, 9.624, 6.929, 3.293, 0.1932, 13.43, 15.07, 16.34, 13.3
2021, 3, 10.74, 8.176, 4.654, 1.561, 14.47, 14.92, 15.23, 14.01
2021, 4, 9.669, 6.798, 3.115, 0.03945, 135.9, 142.8, 149.2, 130.6
2021, 5, 16.95, 14.21, 10.57, 7.346, 3.812, 4.532, 5.309, 5.047
2021, 6, 22.27, 19.5, 15.76, 12.42, 0.5876, 0.8607, 1.371, 3.233
2021, 7, 24.39, 21.51, 17.69, 14.38, 19.95, 34.77, 56.49, 67.75
2021, 8, 25.31, 22.45, 18.7, 15.39, 5.074, 7.666, 13.87, 22.63
2021, 9, 21.59, 18.75, 15.03, 11.78, 5.023, 7.235, 10.99, 14.56
2021, 10, 18.33, 15.58, 11.79, 8.42, 3.235, 4.547, 5.801, 7.371
2021, 11, 11.36, 8.609, 4.824, 1.632, 15.59, 16.46, 16.36, 19.25
2021, 12, 5.386, 2.695, -1.078, -4.369, 122.4, 116, 113.1, 112.5
2022, 1, 11.53, 8.704, 4.941, 1.795, 7.205, 8.498, 9.047, 9.18
2022, 2, 8.388, 5.623, 1.951, -1.142, 295.1, 292.8, 297.5, 300.3
2022, 3, 12.02, 9.254, 5.566, 2.406, 35.75, 36.98, 41.44, 46.89
2022, 4, 9.003, 6.153, 2.404, -0.8824, 183.3, 194, 200.6, 181.2
2022, 5, 19.01, 16.26, 12.59, 9.275, 8.149, 9.371, 11.03, 15.09
2022, 6, 22.74, 20.01, 16.27, 12.94, 0.2573, 0.3729, 0.6987, 1.45
2022, 7, 27.31, 24.56, 20.83, 17.54, 0.03245, 0.2132, 0.7464, 1.7
2022, 8, 23.45, 20.63, 16.91, 13.79, 8.746, 11.69, 16.4, 19.88
2022, 9, 21.9, 19.1, 15.36, 12.06, 7.298, 6.273, 5.983, 7.558
2022, 10, 17.74, 14.95, 11.13, 7.803, 43.84, 43.5, 45.95, 47.8
2022, 11, 10.04, 7.3, 3.566, 0.3472, 240.8, 226, 226.2, 232.4
2022, 12, 7.962, 5.277, 1.533, -1.723, 187.3, 183.9, 184, 188.1
2023, 1, 8.29, 5.481, 1.774, -1.425, 214.6, 206.1, 205.1, 193.9
2023, 2, 7.637, 4.959, 1.38, -1.776, 534, 508.9, 505.5, 475.5
2023, 3, 9.126, 6.483, 2.911, -0.2738, 419.1, 405.7, 406, 381.4
2023, 4, 11.1, 8.28, 4.521, 1.269, 118.7, 113.3, 111.9, 107.9
2023, 5, 13.73, 10.99, 7.309, 3.972, 109.8, 113.5, 122.6, 133.5
2023, 6, 19.33, 16.49, 12.74, 9.411, 14.61, 20.4, 27.2, 28.04
2023, 7, 24.62, 21.77, 17.98, 14.69, 4.563, 8.039, 9.696, 8.086
2023, 8, 25.73, 22.87, 19.1, 15.93, 0, 0.2644, 0.9852, 3.458
2023, 9, 21.92, 19.08, 15.32, 12.02, 5.362, 7.578, 8.724, 9.862
2023, 10, 15.97, 13.22, 9.45, 6.141, 123.3, 127.1, 139.6, 161.8
2023, 11, 11.24, 8.523, 4.769, 1.419, 111.1, 106.8, 102.8, 100.6
2023, 12, 7.169, 4.43, 0.6575, -2.671, 93.87, 88.1, 89.94, 96.92
2024, 1, 5.002, 2.241, -1.49, -4.782, 441.3, 415.8, 415, 431.9
2024, 2, 4.8, 1.97, -1.77, -4.972, 170, 168.8, 174.2, 173.3
2024, 3, 12.36, 9.649, 5.982, 2.823, 19.02, 18.15, 18.06, 18.68
2024, 4, 13.85, 10.97, 7.244, 4.1, 148.3, 156.2, 163.9, 152.7
2024, 5, 19.89, 17.05, 13.35, 10.19, 3.15, 4.045, 5.357, 6.264
2024, 6, 21.75, 19, 15.33, 12.16, 1.187, 3.059, 4.313, 4.132
2024, 7, 26.6, 23.84, 20.12, 16.91, 5.023, 8.896, 15.11, 19.85
2024, 8, 24.66, 21.81, 17.97, 14.65, 3.759, 5.365, 8.755, 13.8
2024, 9, 20.82, 17.98, 14.28, 11.06, 22.12, 27.66, 33.16, 39.2
2024, 10, 16.03, 13.31, 9.515, 6.14, 66.34, 60.28, 57.95, 61.75
2024, 11, 9.579, 6.713, 2.872, -0.3318, 63.11, 58.19, 55.31, 52.73
2024, 12, 12.77, 9.965, 6.084, 2.659, 142.6, 144.5, 150.6, 154.7
2025, 1, 6.899, 4.215, 0.5407, -2.654, 722.4, 709.4, 726.3, 748.6
2025, 2, 6.527, 3.853, 0.1944, -2.945, 250.4, 236.8, 238.4, 239.7
2025, 3, 8.679, 5.943, 2.287, -0.8544, 168.1, 161.8, 157.6, 156
2025, 4, 10.74, 7.92, 4.237, 1.008, 62.1, 62.38, 62.91, 58.86
2025, 5, 16.51, 13.74, 10.06, 6.824, 25.44, 27.32, 29.61, 29.95
2025, 6, 21.06, 18.32, 14.64, 11.45, 17.94, 20.46, 22.26, 20.28
2025, 7, 24.97, 22.14, 18.35, 15.16, 3.094, 5.23, 8.573, 11.75
2025, 8, 27.98, 25.08, 21.29, 18.16, 2.793, 5.115, 9.628, 14.9
2025, 9, 21.94, 19.14, 15.48, 12.34, 2.35, 4.368, 6.668, 9.964
2025, 10, 17.2, 14.33, 10.47, 7.145, 10.45, 12.18, 13.26, 13.36
2025, 11, 12.02, 9.293, 5.536, 2.188, 230.8, 216.7, 216.3, 225
2025, 12, 8.32, 5.566, 1.827, -1.435, 118.8, 126.4, 137.5, 147.2
2026, 1, 8.275, 5.593, 1.898, -1.215, 108.6, 108.5, 111.3, 113.5
2026, 2, 7.146, 4.352, 0.6611, -2.565, 209.4, 198.9, 190.5, 185.5
2026, 3, 9.258, 6.513, 2.815, -0.359, 153.3, 143.7, 139, 131.1
2026, 4, 9.723, 6.885, 3.172, -0.004199, 107.2, 108.1, 107.3, 97.41
2026, 5, 19.15, 16.41, 12.77, 9.519, 2.204, 3.164, 4.035, 5.769
2026, 6, 19.25, 16.44, 12.73, 9.553, 0.2215, 0.7513, 1.179, 1.003
2026, 7, 26.9, 24.04, 20.23, 16.93, 4.131, 9.985, 20.99, 25.67
2026, 8, 25.87, 22.94, 19.12, 15.82, 1.796, 3.45, 7.422, 14.22
2026, 9, 24.08, 21.29, 17.53, 14.2, 1.081, 1.968, 2.691, 4.569
2026, 10, 20.34, 17.51, 13.68, 10.41, 34.65, 36.26, 36.5, 32.49
2026, 11, 8.919, 6.139, 2.382, -0.8952, 188.7, 181, 173.8, 163
2026, 12, 5.418, 2.601, -1.219, -4.529, 524.7, 530, 548.9, 581.8
2027, 1, 6.294, 3.486, -0.2835, -3.515, 329.1, 295, 289.7, 317.7
2027, 2, 6.835, 4.127, 0.4219, -2.848, 223.5, 201.9, 190.3, 187
2027, 3, 9.854, 7.255, 3.678, 0.5683, 34.49, 37.61, 41.52, 39.68
2027, 4, 11.24, 8.329, 4.588, 1.407, 78.06, 76.49, 80.45, 77.33
2027, 5, 14.73, 12.01, 8.339, 5.02, 15.09, 17.66, 22.17, 24.35
2027, 6, 23.99, 21.13, 17.3, 13.87, 7.45, 11, 14.19, 17.31
2027, 7, 24.05, 21.26, 17.53, 14.31, 3.169, 4.251, 5.856, 5.785
2027, 8, 24, 21.15, 17.45, 14.36, 7.89, 10.8, 15.64, 20.1
2027, 9, 19.35, 16.61, 12.95, 9.73, 5.918, 9.474, 11.79, 10.12
2027, 10, 16.64, 13.88, 10.1, 6.738, 43.96, 41.52, 37.73, 43.46
2027, 11, 9.834, 6.988, 3.098, -0.2652, 190.5, 186.2, 187.2, 192
2027, 12, 6.867, 4.173, 0.424, -2.893, 217.1, 205.1, 206.7, 219.7
2028, 1, 11.31, 8.42, 4.622, 1.399, 2.285, 2.248, 2.625, 3.628
2028, 2, 10.29, 7.677, 4.075, 0.898, 81.06, 76.49, 83.62, 90.92
2028, 3, 7.905, 5.162, 1.493, -1.752, 116.4, 117, 117.9, 112.2
2028, 4, 8.07, 5.201, 1.455, -1.82, 84.39, 93.13, 102.2, 91.69
2028, 5, 19.07, 16.37, 12.73, 9.436, 24.5, 24.35, 25.46, 24.71
2028, 6, 19.61, 16.89, 13.2, 9.94, 0.1037, 0.1414, 0.2393, 0.4137
2028, 7, 25.77, 22.97, 19.18, 15.82, 1.068, 2.4, 4.773, 8.059
2028, 8, 24.9, 22.12, 18.39, 15.07, 0.04891, 0.2441, 0.6913, 1.33
2028, 9, 21.82, 18.97, 15.23, 11.99, 0.1701, 0.0787, 0.1522, 0.5543
2028, 10, 19.12, 16.32, 12.52, 9.2, 3.426, 4.438, 5.129, 5.154
2028, 11, 11.26, 8.544, 4.809, 1.593, 66.33, 68.21, 73.27, 72.2
2028, 12, 7.664, 4.909, 1.147, -2.096, 53.03, 55.31, 58.39, 61.44
2029, 1, 2.77, -0.04435, -3.79, -7.073, 463.1, 437.8, 446.4, 481.7
2029, 2, 4.743, 2.001, -1.725, -4.952, 149.2, 141.2, 136.9, 137.8
2029, 3, 6.704, 4, 0.378, -2.719, 238, 236.2, 239.6, 235
2029, 4, 10.72, 7.816, 4.011, 0.7589, 63.68, 66.59, 71.41, 73.39
2029, 5, 12.46, 9.68, 6.001, 2.727, 43.86, 49, 54.43, 52.85
2029, 6, 20.84, 18.07, 14.37, 11.09, 3.516, 8.101, 11.96, 13.82
2029, 7, 24.12, 21.24, 17.43, 14.13, 1.903, 4.816, 9.211, 13.56
2029, 8, 25.22, 22.43, 18.79, 15.67, 0.0507, 0.1956, 0.5337, 1.372
2029, 9, 27.03, 24.19, 20.45, 17.19, 4.199, 6.706, 7.569, 7.528
2029, 10, 20.17, 17.43, 13.62, 10.27, 6.195, 6.067, 5.455, 5.699
2029, 11, 10.06, 7.281, 3.458, 0.1307, 285.3, 269.9, 275.1, 283.2
2029, 12, 9.563, 6.799, 2.924, -0.4788, 147.3, 153.5, 162.4, 160.6
2030, 1, 10.33, 7.54, 3.871, 0.738, 1.906, 3.249, 4.413, 5.123
2030, 2, 5.841, 3.117, -0.5793, -3.76, 223.3, 211, 199.8, 194.4
2030, 3, 11.78, 9.035, 5.385, 2.307, 29.25, 29.88, 31.09, 31.82
2030, 4, 12.94, 10.13, 6.461, 3.351, 143.5, 154.3, 163.3, 143.6
2030, 5, 17.69, 14.99, 11.3, 7.983, 7.198, 7.479, 8.431, 10.3
2030, 6, 20.43, 17.63, 13.89, 10.61, 2.616, 3.181, 4.041, 4.371
2030, 7, 26.08, 23.22, 19.43, 16.17, 0.694, 1.774, 3.392, 5.519
2030, 8, 25.24, 22.39, 18.68, 15.57, 0, 0.212, 1.173, 4.329
2030, 9, 22.81, 19.96, 16.2, 12.96, 0.1359, 0.324, 0.6245, 1.226
2030, 10, 16.15, 13.36, 9.598, 6.36, 36.87, 37.94, 38.74, 39.53
2030, 11, 10.66, 7.819, 3.979, 0.622, 414.8, 385.4, 376.2, 360.3
2030, 12, 7.858, 5.124, 1.389, -1.882, 79.38, 73.55, 72.13, 71.98
2031, 1, 7.117, 4.332, 0.5937, -2.689, 359.3, 341.9, 347.7, 367.5
2031, 2, 6.269, 3.532, -0.1846, -3.425, 194.5, 187.5, 186.8, 187.8
2031, 3, 9.602, 6.833, 3.153, -0.05834, 268.3, 249.1, 243.5, 232.2
2031, 4, 12.96, 10.12, 6.398, 3.217, 16.48, 17.3, 19.68, 20.24
2031, 5, 14.17, 11.39, 7.722, 4.492, 18.23, 18.76, 20.55, 24.72
2031, 6, 18.8, 15.99, 12.28, 9.022, 7.868, 9.331, 10.97, 14.67
2031, 7, 26.22, 23.28, 19.47, 16.22, 1.451, 3.644, 7.786, 10.94
2031, 8, 26.77, 23.93, 20.19, 17.02, 1.566, 3.179, 5.618, 8.712
2031, 9, 23.93, 21.11, 17.4, 14.21, 0, 0, 8.788E-6, 0.001664
2031, 10, 22.01, 19.23, 15.44, 12.21, 0.09715, 0.1012, 0.1483, 0.2055
2031, 11, 9.429, 6.708, 2.953, -0.2898, 249.8, 248.1, 240, 231
2031, 12, 9.039, 6.307, 2.587, -0.6734, 111.6, 115.4, 119.6, 120.7
2032, 1, 8.192, 5.42, 1.642, -1.616, 127.9, 119.9, 117.9, 122.6
2032, 2, 10.17, 7.457, 3.781, 0.6413, 76.21, 76.57, 81.56, 86.08
2032, 3, 6.741, 4.062, 0.4435, -2.679, 339.3, 328.7, 328.3, 299
2032, 4, 10.04, 7.097, 3.298, 0.1229, 113.1, 120.3, 130.2, 129.3
2032, 5, 15.67, 12.91, 9.214, 5.948, 15.78, 15.68, 16.63, 16.95
2032, 6, 22.63, 19.86, 16.13, 12.9, 1.094, 1.677, 2.237, 2.737
2032, 7, 26.99, 24.1, 20.28, 16.99, 6.358, 15.51, 30.58, 45.66
2032, 8, 25.14, 22.29, 18.49, 15.15, 2.441, 4.702, 7.759, 12.99
2032, 9, 22.6, 19.69, 15.85, 12.41, 8.044, 10.08, 13.88, 20.22
2032, 10, 18.9, 16.08, 12.32, 9.091, 0.5866, 0.3191, 0.1473, 0.1418
2032, 11, 10, 7.225, 3.468, 0.2113, 82.1, 75.59, 69.24, 68.58
2032, 12, 12.62, 9.738, 5.817, 2.558, 8.039, 7.752, 7.644, 6.686
2033, 1, 8.68, 5.835, 2.043, -1.134, 375.1, 365.9, 368.9, 368.5
2033, 2, 6.364, 3.632, -0.07574, -3.331, 395.1, 383, 374.4, 364.5
2033, 3, 7.976, 5.226, 1.506, -1.759, 378.3, 372, 380.9, 343.5
2033, 4, 10.95, 8.077, 4.334, 1.235, 87.36, 91.08, 95.63, 90.87
2033, 5, 15.54, 12.76, 9.073, 5.752, 72.93, 75.95, 83.57, 85.11
2033, 6, 19.74, 16.9, 13.15, 9.973, 0.01104, 0.1461, 0.3978, 0.5852
2033, 7, 25.13, 22.25, 18.51, 15.37, 0.1358, 0.2653, 0.5314, 1.206
2033, 8, 25.76, 22.97, 19.23, 15.98, 7.816, 11.69, 17.5, 23.36
2033, 9, 25.67, 22.89, 19.19, 15.89, 14.04, 16.18, 18.93, 18.36
2033, 10, 18.21, 15.5, 11.76, 8.427, 116.6, 106.9, 101.2, 109
2033, 11, 11.26, 8.611, 4.906, 1.679, 14.23, 16.21, 16.82, 15.57
2033, 12, 11.4, 8.712, 5.021, 1.905, 66.37, 67.19, 67.64, 62.85
2034, 1, 7.744, 4.966, 1.28, -1.825, 262.4, 246.5, 247.9, 266
2034, 2, 9.753, 6.985, 3.365, 0.2738, 11.2, 11.54, 12.43, 14.33
2034, 3, 7.281, 4.593, 0.9692, -2.163, 138.3, 131.1, 131.6, 132.2
2034, 4, 8.364, 5.53, 1.823, -1.405, 275.9, 288.7, 304.5, 265.8
2034, 5, 17.53, 14.8, 11.14, 7.859, 22.52, 21.92, 24.49, 33.17
2034, 6, 22.01, 19.29, 15.6, 12.38, 0.1124, 0.3989, 0.8043, 1.736
2034, 7, 25.62, 22.76, 19.02, 15.75, 1.464, 3.56, 6.814, 11.47
2034, 8, 24.79, 21.88, 18.1, 14.92, 1.804, 3.743, 6.395, 9.166
2034, 9, 21.71, 18.95, 15.33, 12.1, 20.17, 22.69, 26.46, 28.34
2034, 10, 19.42, 16.62, 12.82, 9.502, 6.182, 5.998, 7.089, 10.16
2034, 11, 11.47, 8.648, 4.856, 1.653, 115.5, 114.1, 107.6, 98.63
2034, 12, 8.859, 6.151, 2.386, -0.8437, 56.7, 51.8, 52.15, 53.6
2035, 1, 10.11, 7.185, 3.46, 0.3776, 38.77, 35.48, 37.95, 36.42
2035, 2, 12.23, 9.504, 5.895, 2.823, 10.2, 14.04, 16.52, 16.71
2035, 3, 10.35, 7.641, 4.045, 1.034, 133.4, 134.1, 133, 120.8
2035, 4, 11.47, 8.599, 4.834, 1.589, 154.6, 160.2, 166.6, 149.5
2035, 5, 13.38, 10.66, 7.035, 3.73, 67.65, 69.45, 71.82, 67.66
2035, 6, 22.76, 19.98, 16.29, 13.17, 1.692, 2.649, 4.259, 5.983
2035, 7, 24.92, 22.09, 18.34, 15.06, 2.479, 3.811, 5.93, 7.737
2035, 8, 23.19, 20.45, 16.84, 13.71, 0.1474, 0.7118, 2.042, 3.738
2035, 9, 21.63, 18.84, 15.17, 11.98, 1.447, 2.844, 4.067, 5.474
2035, 10, 19.06, 16.33, 12.66, 9.519, 13.62, 15.44, 15.91, 14.11
2035, 11, 11.87, 9.058, 5.263, 1.94, 169, 153.2, 151.4, 163.2
2035, 12, 8.486, 5.798, 2.075, -1.131, 76.26, 69.64, 67.08, 70.98
2036, 1, 10.57, 7.85, 4.141, 1.056, 71.75, 69.61, 68.95, 68.8
2036, 2, 10.36, 7.611, 3.959, 0.9067, 227.1, 214.7, 208.1, 204.9
2036, 3, 7.912, 5.125, 1.455, -1.66, 203.8, 203.4, 209.9, 185.9
2036, 4, 10.06, 7.179, 3.476, 0.3027, 145.1, 142.9, 145.7, 141.2
2036, 5, 16.44, 13.55, 9.786, 6.545, 46.44, 50.65, 57.42, 58.03
2036, 6, 24.76, 21.93, 18.14, 14.88, 1.27, 2.726, 3.819, 5.311
2036, 7, 27.36, 24.53, 20.73, 17.37, 0.08325, 0.2154, 0.6567, 1.411
2036, 8, 23.2, 20.36, 16.66, 13.51, 0.5775, 1.222, 1.953, 2.567
2036, 9, 22.31, 19.44, 15.73, 12.51, 7.944, 10.24, 13.7, 16.87
2036, 10, 19.58, 16.89, 13.17, 9.887, 22.24, 25.47, 27.78, 28.81
2036, 11, 11.08, 8.301, 4.53, 1.294, 26.21, 28.02, 29.8, 30.29
2036, 12, 9.924, 7.176, 3.399, 0.1409, 67.62, 62.33, 57.48, 55.69
2037, 1, 7.067, 4.339, 0.6519, -2.509, 221.7, 218.4, 218.5, 211.8
2037, 2, 8.081, 5.394, 1.759, -1.441, 171.9, 161.8, 157.3, 160.7
2037, 3, 9.581, 6.85, 3.213, 0.1252, 210.3, 222, 229.7, 192.5
2037, 4, 11.33, 8.508, 4.839, 1.755, 78.89, 87.94, 97.33, 93.31
2037, 5, 15.81, 13.05, 9.441, 6.238, 45.66, 43.88, 46.56, 50.64
2037, 6, 22, 19.23, 15.53, 12.32, 2.009, 2.659, 3.045, 3.584
2037, 7, 27.98, 25.1, 21.28, 18.04, 1.65, 4.716, 9.518, 14.73
2037, 8, 26.32, 23.52, 19.82, 16.67, 1.598, 2.94, 4.687, 6.088
2037, 9, 20.61, 17.83, 14.2, 11.04, 126.8, 150.2, 176.7, 179
2037, 10, 19.31, 16.51, 12.69, 9.338, 29.49, 30.74, 33.78, 45.12
2037, 11, 10.63, 7.782, 3.926, 0.6809, 243.4, 229, 223.4, 223.4
2037, 12, 10.12, 7.311, 3.568, 0.3812, 145.1, 143.6, 150.7, 160.2
2038, 1, 8.491, 5.617, 1.894, -1.302, 366.2, 359.4, 365.9, 372.6
2038, 2, 10.88, 8.191, 4.469, 1.293, 110.5, 114.8, 119.2, 115.8
2038, 3, 11.22, 8.409, 4.69, 1.505, 151.4, 144.9, 146.1, 157.9
2038, 4, 12.42, 9.587, 5.845, 2.527, 165.8, 171.5, 180.6, 175.3
2038, 5, 11.31, 8.463, 4.714, 1.298, 139.7, 139.8, 147.2, 158.3
2038, 6, 20.2, 17.31, 13.56, 10.3, 20.82, 25.44, 32.21, 40.18
2038, 7, 26.15, 23.35, 19.64, 16.5, 0, 0.08905, 0.2288, 0.5912
2038, 8, 24.08, 21.27, 17.59, 14.55, 0.7791, 1.335, 1.664, 2.108
2038, 9, 23.1, 20.27, 16.57, 13.42, 12.19, 14.93, 18.89, 18.06
2038, 10, 18.61, 15.76, 11.97, 8.694, 70.42, 62.07, 59.88, 65.49
2038, 11, 10.49, 7.655, 3.852, 0.6216, 80.04, 75.46, 78.06, 91.14
2038, 12, 11.26, 8.425, 4.625, 1.257, 137.2, 132.4, 131, 126.6
2039, 1, 10.73, 7.912, 4.178, 1.069, 227.2, 222.6, 227.1, 248.5
2039, 2, 6.554, 3.876, 0.2185, -2.925, 277.8, 256.9, 255.6, 264.2
2039, 3, 11.54, 8.804, 5.111, 1.93, 89.82, 96.66, 103.8, 97.8
2039, 4, 12.19, 9.39, 5.741, 2.655, 82.44, 82.57, 83.86, 78.94
2039, 5, 18.44, 15.71, 12.08, 8.754, 41.54, 45.22, 51.9, 63.76
2039, 6, 23.58, 20.75, 17, 13.75, 0, 0.186, 0.3598, 0.745
2039, 7, 25.51, 22.6, 18.83, 15.55, 0, 0.135, 0.3153, 0.5466
2039, 8, 24.71, 21.91, 18.21, 15.02, 0.003233, 0.1636, 0.8497, 1.698
2039, 9, 21.05, 18.17, 14.51, 11.4, 11.8, 15.26, 20.18, 19.79
2039, 10, 19.83, 17.01, 13.23, 9.935, 49.12, 42.18, 35.73, 38.88
2039, 11, 12.6, 9.834, 6.046, 2.878, 10.35, 9.827, 10.19, 10.21
2039, 12, 8.596, 5.776, 1.967, -1.263, 227.4, 230.1, 230.8, 219.8
2040, 1, 9.211, 6.4, 2.63, -0.5, 179.2, 164.8, 167.9, 177.7
2040, 2, 8.44, 5.747, 2.053, -1.198, 327, 318.9, 312.6, 311.2
2040, 3, 5.366, 2.643, -1.018, -4.168, 368.7, 362.1, 363.3, 335.9
2040, 4, 8.798, 5.912, 2.202, -0.9442, 61.28, 60.61, 61.61, 64.01
2040, 5, 17.45, 14.65, 10.98, 7.732, 18.47, 20.57, 22.77, 20.63
2040, 6, 21.94, 19.11, 15.42, 12.24, 0, 0.05998, 0.1048, 0.1232
2040, 7, 26.45, 23.68, 19.98, 16.69, 0.9585, 1.761, 3.467, 4.461
2040, 8, 25.99, 23.13, 19.37, 16.11, 0.0772, 0.2509, 0.6288, 1.745
2040, 9, 21.99, 19.3, 15.66, 12.39, 4.217, 6.658, 8.391, 6.069
2040, 10, 21.34, 18.62, 14.93, 11.68, 28.88, 28.34, 27.69, 27.31
2040, 11, 11.37, 8.62, 4.824, 1.488, 109.2, 111.2, 114.5, 110.5
2040, 12, 7.218, 4.391, 0.6074, -2.638, 159.5, 159.2, 160.8, 151.2
2041, 1, 3.425, 0.5502, -3.2, -6.341, 395.3, 389.9, 407.4, 431.7
2041, 2, 8.86, 6.119, 2.452, -0.7741, 143.2, 137.7, 140.8, 148.2
2041, 3, 12.03, 9.257, 5.549, 2.399, 131.4, 137.5, 140.9, 122.7
2041, 4, 13.91, 11.03, 7.295, 4.235, 53.5, 49.24, 50.02, 55.69
2041, 5, 17.59, 14.82, 11.2, 7.994, 2.172, 3.454, 5, 6.43
2041, 6, 22.37, 19.53, 15.82, 12.67, 0.1344, 0.1668, 0.2343, 0.6162
2041, 7, 24.51, 21.7, 17.97, 14.75, 0.2256, 1.073, 2.994, 5.615
2041, 8, 26.11, 23.3, 19.6, 16.45, 1.472, 3.13, 5.314, 7.188
2041, 9, 23.97, 21.23, 17.6, 14.45, 0, 0.03759, 0.1474, 0.4084
2041, 10, 18.16, 15.35, 11.59, 8.35, 47.48, 43.89, 44.23, 45.95
2041, 11, 8.418, 5.688, 1.94, -1.246, 139.1, 133.8, 136.4, 146.9
2041, 12, 8.484, 5.687, 1.904, -1.315, 195.2, 188.5, 188.7, 185.2
2042, 1, 10.41, 7.646, 3.994, 0.8976, 47.72, 45.69, 47.64, 52.13
2042, 2, 10.08, 7.428, 3.665, 0.396, 170.6, 164.7, 161.1, 163.9
2042, 3, 7.278, 4.515, 0.8448, -2.219, 380.1, 377.3, 383.7, 367.9
2042, 4, 11.74, 8.906, 5.178, 1.986, 82.68, 86.61, 92.9, 92.47
2042, 5, 20.41, 17.59, 13.91, 10.69, 23.62, 24.64, 27.98, 36.8
2042, 6, 22.84, 20.06, 16.35, 13.14, 0.1072, 0.4636, 0.9144, 1.076
2042, 7, 24.73, 21.95, 18.18, 14.84, 0.5231, 5.23, 14.35, 22.9
2042, 8, 24.29, 21.43, 17.74, 14.69, 5.984, 7.616, 10.16, 14.58
2042, 9, 24.51, 21.74, 18.02, 14.73, 16.93, 24.64, 30.75, 34.97
2042, 10, 21.9, 19.18, 15.42, 12.1, 1.737, 2.217, 2.676, 3.892
2042, 11, 9.927, 7.09, 3.242, -0.04661, 297.1, 275.7, 278.4, 299.1
2042, 12, 8.553, 5.634, 1.764, -1.463, 183.3, 173.2, 175.8, 186.3
2043, 1, 8.593, 5.783, 2.046, -1.09, 178.3, 177.2, 185.2, 183.6
2043, 2, 10.87, 8.175, 4.536, 1.412, 224, 212.8, 210.6, 202.5
2043, 3, 11.98, 9.318, 5.696, 2.556, 89.93, 89.22, 95.7, 92.89
2043, 4, 13.88, 11.08, 7.435, 4.376, 13.01, 11.99, 10.84, 10.97
2043, 5, 17.67, 14.86, 11.28, 8.178, 1.137, 1.766, 2.063, 1.574
2043, 6, 24.76, 21.98, 18.22, 14.95, 0, 0.02033, 0.06419, 0.2443
2043, 7, 25.36, 22.56, 18.84, 15.61, 0, 0.03315, 0.2226, 0.6776
2043, 8, 24.83, 21.99, 18.31, 15.1, 0.061, 0.9727, 3.014, 5.957
2043, 9, 22.32, 19.54, 15.84, 12.6, 1.431, 2.042, 2.721, 3.424
2043, 10, 17.51, 14.72, 11.01, 7.801, 29.82, 29.94, 30.81, 30.36
2043, 11, 13.8, 11, 7.265, 4.087, 75.53, 72.14, 69.65, 70.28
2043, 12, 10.98, 8.082, 4.231, 1.051, 181.3, 173.9, 177.6, 175.3
2044, 1, 7.321, 4.397, 0.6609, -2.423, 105.5, 102.3, 108, 115.1
2044, 2, 9.498, 6.807, 3.235, 0.1252, 70.22, 67.29, 64.17, 65.93
2044, 3, 10.92, 8.134, 4.489, 1.42, 46.86, 48.95, 49.83, 42.29
2044, 4, 17.3, 14.52, 10.89, 7.785, 76.48, 79.75, 84.61, 83.24
2044, 5, 20.78, 18.02, 14.42, 11.29, 6.357, 7.074, 7.697, 8.088
2044, 6, 23.9, 21.17, 17.51, 14.28, 2.078, 3.772, 5.326, 5.549
2044, 7, 26.77, 23.96, 20.22, 17, 1.141, 2.748, 4.697, 7.784
2044, 8, 26.56, 23.72, 19.99, 16.78, 1.972, 3.337, 6.396, 11.63
2044, 9, 23.71, 20.96, 17.3, 14.04, 0.5955, 1.522, 2.503, 3.502
2044, 10, 16.9, 14.14, 10.39, 7.128, 68.76, 66.52, 67.83, 69.67
2044, 11, 14.65, 11.91, 8.18, 5.008, 22.71, 20.51, 18.74, 20.84
2044, 12, 4.978, 2.116, -1.777, -5.149, 579.4, 556.3, 570.4, 609.2
2045, 1, 7.859, 5.039, 1.251, -1.946, 197.7, 188.3, 191.5, 197.1
2045, 2, 10.59, 7.951, 4.369, 1.266, 197.9, 197.4, 204.4, 211.6
2045, 3, 9.557, 6.86, 3.261, 0.1957, 17.32, 17.78, 19.32, 17.59
2045, 4, 10.96, 8.07, 4.313, 1.184, 99.74, 104.8, 110, 106.1
2045, 5, 18.92, 16.15, 12.48, 9.215, 18.29, 18.8, 21.27, 24.05
2045, 6, 25.22, 22.46, 18.76, 15.47, 7.635, 12.97, 17.71, 21.39
2045, 7, 28.06, 25.28, 21.58, 18.48, 3.638, 5.551, 8.283, 10.3
2045, 8, 25.65, 22.83, 19.11, 15.97, 8.712, 11.58, 16.48, 22.62
2045, 9, 22.17, 19.44, 15.78, 12.46, 6.847, 12.63, 18.97, 25.68
2045, 10, 20.07, 17.23, 13.47, 10.19, 1.137, 1.654, 2.084, 2.942
2045, 11, 10.72, 7.892, 4.153, 0.9211, 183.8, 176.7, 173.8, 176.9
2045, 12, 8.693, 5.902, 2.122, -1.09, 244, 237.7, 242.4, 255.2
2046, 1, 10.73, 7.893, 4.04, 0.8761, 54.15, 52.33, 53.15, 57.35
2046, 2, 10.26, 7.463, 3.739, 0.5365, 276.6, 266.9, 269.2, 258.7
2046, 3, 8.528, 5.877, 2.329, -0.6733, 25.32, 27.93, 31.12, 29.3
2046, 4, 11.72, 8.919, 5.306, 2.25, 43.1, 45.59, 48.28, 47.84
2046, 5, 19.1, 16.34, 12.75, 9.672, 64.68, 64.54, 66.92, 67.27
2046, 6, 20.41, 17.55, 13.79, 10.54, 11.72, 15.14, 18.73, 17.48
2046, 7, 27.13, 24.38, 20.7, 17.5, 3.092, 8.707, 17.44, 23.46
2046, 8, 24.09, 21.3, 17.61, 14.47, 0.07588, 1.05, 2.934, 4.428
2046, 9, 22.53, 19.75, 16.06, 12.8, 15.91, 22.58, 31.33, 35.3
2046, 10, 20.97, 18.14, 14.39, 11.23, 2.523, 3.286, 3.251, 2.257
2046, 11, 11.9, 9.137, 5.399, 2.24, 100.6, 93.13, 92.2, 85.37
2046, 12, 8.869, 6.029, 2.277, -0.9318, 269.6, 277.9, 289.4, 290.8
2047, 1, 5.941, 3.17, -0.6153, -3.906, 413.4, 410.6, 416.3, 435.4
2047, 2, 10.6, 7.891, 4.155, 0.9788, 44.67, 43.95, 46.62, 53.54
2047, 3, 12.19, 9.367, 5.735, 2.813, 44.48, 43.54, 44.38, 41.9
2047, 4, 11.7, 8.903, 5.281, 2.212, 38.62, 41.08, 40.95, 39.68
2047, 5, 17.28, 14.55, 10.96, 7.812, 23.37, 25.59, 28.42, 32.13
2047, 6, 24.77, 21.97, 18.21, 14.92, 1.945, 2.348, 2.665, 3.531
2047, 7, 26.15, 23.42, 19.69, 16.43, 16.54, 31.23, 50.54, 55.3
2047, 8, 27.64, 24.9, 21.18, 17.99, 2.036, 4.549, 9.726, 15.93
2047, 9, 26.14, 23.35, 19.66, 16.39, 21, 29.33, 33.43, 35.12
2047, 10, 18.3, 15.47, 11.66, 8.308, 93.39, 92.56, 93.37, 98.65
2047, 11, 9.767, 6.967, 3.134, -0.1431, 251.4, 243, 245.1, 246.5
2047, 12, 7.088, 4.384, 0.5942, -2.703, 346.6, 338.9, 349.5, 371.4
2048, 1, 11.77, 8.939, 5.168, 2.021, 12.89, 12.83, 13.48, 12.17
2048, 2, 11.66, 8.865, 5.123, 1.97, 226, 220.6, 219.7, 207.8
2048, 3, 10.49, 7.718, 4.045, 0.8724, 54.51, 57.49, 61.16, 59.85
2048, 4, 12.52, 9.647, 5.916, 2.737, 155, 169.3, 175.2, 152.6
2048, 5, 19.55, 16.72, 13.06, 9.884, 14.82, 15.88, 18.19, 20.04
2048, 6, 22.54, 19.83, 16.18, 12.98, 0.4391, 1.143, 2.057, 2.686
2048, 7, 25.11, 22.37, 18.64, 15.38, 2.102, 3.403, 4.885, 5.692
2048, 8, 25.65, 22.87, 19.17, 15.98, 0.9165, 2.331, 3.884, 5.388
2048, 9, 23.79, 20.99, 17.29, 13.99, 0.07073, 0.08368, 0.1191, 0.113
2048, 10, 19.18, 16.32, 12.48, 9.184, 28.35, 27.21, 27.69, 32.73
2048, 11, 12.76, 9.918, 6.087, 2.866, 71.54, 73.97, 78.35, 80.15
2048, 12, 6.161, 3.424, -0.3492, -3.541, 221.8, 208.2, 199.3, 198.4
2049, 1, 8.358, 5.683, 2.019, -1.26, 170.2, 158.5, 162.5, 168.8
2049, 2, 6.89, 4.161, 0.4462, -2.779, 296, 275.4, 268.6, 280
2049, 3, 9.208, 6.513, 2.877, -0.2401, 422.6, 435.6, 461.5, 411.8
2049, 4, 13.5, 10.66, 7.008, 3.879, 56.69, 64.42, 71.46, 65.59
2049, 5, 16.53, 13.69, 9.962, 6.715, 44.13, 47.52, 51.89, 51.4
2049, 6, 25.35, 22.47, 18.67, 15.34, 2.005, 3.873, 5.582, 5.684
2049, 7, 27.19, 24.4, 20.67, 17.52, 1.254, 3.819, 8.691, 12.36
2049, 8, 24.62, 21.83, 18.14, 14.98, 10.97, 17.65, 24.62, 31.18
2049, 9, 20.23, 17.46, 13.76, 10.45, 64.92, 77.2, 97.17, 109.5
2049, 10, 17.9, 15.07, 11.33, 8.091, 15.04, 15.49, 14.92, 13.28
2049, 11, 13.6, 10.79, 6.975, 3.773, 37.54, 40.09, 43.16, 47.12
2049, 12, 9.675, 6.955, 3.188, -0.0251, 226.5, 226.3, 228.9, 230
2050, 1, 10.02, 7.151, 3.376, 0.1928, 68.89, 63.98, 66.85, 77.77
2050, 2, 9.816, 7.216, 3.617, 0.5043, 79.84, 74.7, 74.83, 73.8
2050, 3, 12.11, 9.414, 5.739, 2.511, 103.2, 105.8, 108.6, 101.2
2050, 4, 11.76, 8.963, 5.279, 2.048, 231.1, 232.1, 237, 240.7
2050, 5, 17.65, 14.96, 11.35, 8.103, 3.947, 3.906, 4.75, 5.29
2050, 6, 22.32, 19.49, 15.73, 12.51, 0.5587, 0.946, 1.809, 4.11
2050, 7, 26.21, 23.34, 19.64, 16.44, 0.6502, 1.814, 3.515, 5.713
2050, 8, 24.9, 22.14, 18.45, 15.18, 47.21, 62.53, 85.9, 104.2
2050, 9, 24.81, 22.06, 18.39, 15.12, 0.2866, 0.7037, 1.799, 5.96
2050, 10, 19.52, 16.65, 12.82, 9.505, 69.98, 67.77, 68.25, 70.75
2050, 11, 13.63, 10.9, 7.12, 3.885, 41.21, 36.32, 32.96, 32.59
2050, 12, 8.191, 5.409, 1.641, -1.545, 365.3, 361, 362.5, 370.2
2051, 1, 7.474, 4.648, 0.886, -2.339, 59.02, 58.92, 61.8, 65.07
2051, 2, 8.127, 5.478, 1.855, -1.326, 109.5, 109.9, 113.5, 109.2
2051, 3, 11.49, 8.762, 5.126, 2.053, 44.23, 42.43, 39.64, 36.81
2051, 4, 14.6, 11.84, 8.16, 5.009, 107.6, 112.5, 116.5, 107.5
2051, 5, 18.06, 15.29, 11.67, 8.478, 28.38, 29.19, 31.43, 35.46
2051, 6, 23.34, 20.57, 16.89, 13.73, 1.316, 2.639, 3.813, 4.973
2051, 7, 26.68, 23.91, 20.15, 16.82, 5.145, 13.34, 26.39, 37.08
2051, 8, 29.03, 26.25, 22.55, 19.38, 0.09339, 0.3484, 1.38, 4.002
2051, 9, 26.01, 23.27, 19.56, 16.27, 8.519, 11.55, 16.46, 21.67
2051, 10, 21.03, 18.18, 14.38, 11.06, 2.964, 3.762, 4.349, 5.253
2051, 11, 11.64, 8.844, 5.108, 1.917, 119.5, 118.4, 115.9, 101.2
2051, 12, 8.657, 5.915, 2.147, -1.104, 131.6, 132.4, 134.1, 136.1
2052, 1, 9.107, 6.299, 2.615, -0.5881, 166.1, 156.2, 150.7, 160.5
2052, 2, 10.83, 8.248, 4.71, 1.669, 100.9, 99.8, 102.2, 99.47
2052, 3, 11.39, 8.511, 4.858, 1.871, 279.4, 284, 301.4, 274.6
2052, 4, 12.83, 9.997, 6.307, 3.144, 107.2, 103.1, 102.6, 98.3
2052, 5, 19.67, 16.85, 13.19, 9.969, 78.69, 83.16, 93.39, 99.57
2052, 6, 25, 22.25, 18.57, 15.46, 13.31, 21.63, 29.72, 37.65
2052, 7, 26.76, 23.95, 20.24, 16.98, 4.859, 9.573, 15.34, 20.51
2052, 8, 28.32, 25.54, 21.81, 18.63, 8.01, 11.14, 18.06, 29.73
2052, 9, 25.54, 22.7, 18.94, 15.63, 40.88, 48.5, 60.92, 65.45
2052, 10, 21.02, 18.18, 14.39, 11.12, 12.8, 14.16, 16.95, 22.33
2052, 11, 12.5, 9.802, 6.076, 2.898, 66.21, 60.35, 58.87, 60.67
2052, 12, 8.627, 5.815, 1.989, -1.221, 251.8, 241.7, 248.5, 273.2
2053, 1, 7.636, 4.87, 1.13, -1.99, 429.7, 410.7, 421, 426.4
2053, 2, 9.982, 7.236, 3.545, 0.3223, 161.6, 161.1, 160.8, 155.1
2053, 3, 7.833, 5.182, 1.551, -1.55, 343.3, 344.2, 355.7, 317.5
2053, 4, 11.74, 8.886, 5.164, 2.023, 108.2, 113.3, 119.4, 112.2
2053, 5, 18.63, 15.83, 12.15, 8.874, 54.49, 62.8, 72.79, 75.44
2053, 6, 20.89, 18, 14.19, 10.88, 33.67, 47.77, 57.73, 58.96
2053, 7, 27.44, 24.56, 20.77, 17.53, 0.8457, 4.699, 11.01, 15.41
2053, 8, 23.54, 20.88, 17.28, 14.16, 5.929, 9.306, 15.3, 25.04
2053, 9, 25.35, 22.51, 18.74, 15.43, 4.779, 7.881, 10.84, 13.89
2053, 10, 21.23, 18.45, 14.65, 11.32, 4.569, 4.153, 3.997, 4.133
2053, 11, 11.94, 9.218, 5.455, 2.252, 84.78, 80.41, 75.4, 70.8
2053, 12, 8.826, 6.124, 2.429, -0.7221, 357.5, 348.5, 348.7, 339.2
2054, 1, 6.047, 3.264, -0.4493, -3.678, 321.7, 302.9, 307.6, 332.6
2054, 2, 7.944, 5.298, 1.709, -1.472, 197.3, 187, 185.7, 170.9
2054, 3, 12.86, 10.17, 6.584, 3.558, 54.8, 54.45, 53.06, 47.01
2054, 4, 13.02, 10.22, 6.578, 3.494, 126.1, 132.4, 144.5, 136.7
2054, 5, 20.13, 17.41, 13.78, 10.56, 6.635, 7.391, 8.211, 9.61
2054, 6, 24, 21.24, 17.52, 14.31, 4.033, 4.903, 6.234, 6.945
2054, 7, 26.14, 23.26, 19.47, 16.21, 3.082, 6.61, 11.96, 17.16
2054, 8, 28.15, 25.39, 21.7, 18.41, 1.023, 2.217, 3.987, 5.515
2054, 9, 23.57, 20.83, 17.2, 13.95, 0.1962, 0.2049, 0.3672, 0.8104
2054, 10, 20.23, 17.51, 13.85, 10.58, 6.77, 8.061, 8.189, 7.201
2054, 11, 11.58, 8.672, 4.823, 1.608, 404.7, 400, 408.9, 429
2054, 12, 5.676, 2.891, -0.8878, -4.113, 442.8, 442.4, 465, 494.1
2055, 1, 8.009, 5.242, 1.549, -1.581, 146.2, 141.1, 139.4, 144.6
2055, 2, 8.837, 6.147, 2.527, -0.6014, 12.01, 12.18, 12.69, 11.19
2055, 3, 9.778, 6.975, 3.297, 0.1577, 195.4, 183.6, 183.9, 173.5
2055, 4, 14.75, 11.98, 8.294, 5.097, 18.95, 19.79, 18.17, 12.24
2055, 5, 22.07, 19.35, 15.72, 12.49, 0.1406, 0.05942, 0.03321, 0.03703
2055, 6, 23.44, 20.6, 16.85, 13.62, 1.206, 1.952, 3.209, 4.411
2055, 7, 27.58, 24.73, 21.03, 17.86, 3.286, 6.032, 10.04, 12.38
2055, 8, 28.48, 25.71, 22.01, 18.81, 0.3648, 1.359, 3.184, 5.202
2055, 9, 26.14, 23.36, 19.62, 16.33, 6.622, 8.763, 12.37, 14.58
2055, 10, 17.08, 14.22, 10.43, 7.16, 56.01, 59.45, 62.92, 67.35
2055, 11, 13.3, 10.53, 6.709, 3.456, 57.05, 50.14, 46.21, 42.78
2055, 12, 9.872, 7.017, 3.173, -0.06127, 61.66, 55.31, 51.17, 49.23
2056, 1, 8.199, 5.439, 1.768, -1.384, 108, 110.2, 118.8, 135
2056, 2, 7.814, 5.216, 1.553, -1.639, 110.7, 106.8, 102.6, 101.9
2056, 3, 12.53, 9.786, 6.199, 3.13, 92.56, 90.18, 94.96, 96.31
2056, 4, 14.07, 11.29, 7.681, 4.662, 50.42, 53.99, 55.32, 50.04
2056, 5, 21.28, 18.54, 14.86, 11.62, 3.56, 5.269, 5.154, 6.829
2056, 6, 24.16, 21.36, 17.61, 14.35, 5.633, 9.348, 12.56, 15.68
2056, 7, 29.11, 26.27, 22.46, 19.09, 2.736, 7.591, 16.15, 25.68
2056, 8, 25.93, 23.12, 19.4, 16.19, 0.2289, 1.022, 2.475, 5.317
2056, 9, 26.23, 23.44, 19.73, 16.38, 6.978, 13.18, 16.4, 16.49
2056, 10, 23.27, 20.47, 16.7, 13.47, 0.0839, 0.0824, 0.1008, 0.08806
2056, 11, 10.46, 7.615, 3.812, 0.5314, 326.2, 302.2, 305.9, 341.8
2056, 12, 8.708, 5.795, 1.944, -1.315, 341.8, 334.1, 346.4, 377.9
2057, 1, 7.525, 4.693, 0.988, -2.122, 84.55, 82.46, 80.86, 91.85
2057, 2, 9.872, 7.21, 3.518, 0.3154, 102.4, 99.81, 101.1, 99.84
2057, 3, 12.76, 9.958, 6.279, 3.2, 24.22, 27.28, 30.51, 33.54
2057, 4, 10.65, 7.852, 4.193, 1.077, 142.1, 151.8, 161.6, 151.1
2057, 5, 20.64, 17.87, 14.21, 11.02, 19.4, 22.43, 25.77, 24.32
2057, 6, 23.45, 20.61, 16.87, 13.64, 0.04004, 0.09325, 0.316, 1.197
2057, 7, 25.94, 23.08, 19.34, 16.16, 0.07568, 0.3406, 1.458, 1.992
2057, 8, 28.12, 25.35, 21.64, 18.42, 0.4367, 1.163, 3.029, 5.926
2057, 9, 24.92, 22.05, 18.3, 15, 13.08, 14.17, 15.75, 17.16
2057, 10, 18.22, 15.39, 11.62, 8.387, 27.36, 26.06, 27.38, 30.49
2057, 11, 12.96, 10.2, 6.408, 3.103, 123.4, 106.5, 101.8, 110.3
2057, 12, 10.21, 7.411, 3.604, 0.426, 57.79, 57.18, 58.39, 55.24
2058, 1, 9.895, 7.134, 3.404, 0.1988, 455.7, 445.6, 455.2, 476.3
2058, 2, 10.65, 7.871, 4.148, 0.9031, 281.7, 272.1, 270.5, 276.3
2058, 3, 11, 8.267, 4.561, 1.357, 128.6, 125.5, 128.9, 127.1
2058, 4, 14.56, 11.72, 8.058, 4.878, 83.37, 86.31, 94.43, 96.75
2058, 5, 16.28, 13.44, 9.673, 6.344, 41.33, 43.1, 46.09, 47.36
2058, 6, 24.52, 21.7, 17.95, 14.7, 2.499, 4.267, 5.954, 6.888
2058, 7, 25.11, 22.29, 18.52, 15.21, 4.267, 7.048, 10.58, 13.04
2058, 8, 25.08, 22.38, 18.73, 15.66, 5.336, 8.822, 14.12, 21.43
2058, 9, 23.71, 20.93, 17.23, 13.95, 9.753, 14.08, 16.32, 16.45
2058, 10, 22.46, 19.61, 15.83, 12.57, 0.9261, 1.291, 1.802, 2.247
2058, 11, 10.72, 7.903, 4.156, 1.004, 115.2, 107, 104.7, 100.9
2058, 12, 11.56, 8.758, 4.911, 1.689, 28.25, 28.48, 29.38, 29.03
2059, 1, 7.903, 5.095, 1.469, -1.489, 203.6, 186.7, 190.9, 206.3
2059, 2, 8.075, 5.334, 1.677, -1.52, 441.5, 421.6, 419.5, 416
2059, 3, 13.8, 10.95, 7.246, 4.09, 2.923, 3.364, 4.047, 4.533
2059, 4, 11.29, 8.551, 4.915, 1.735, 119.9, 118.8, 121.9, 116.4
2059, 5, 18.06, 15.21, 11.5, 8.255, 27.73, 30.36, 36.76, 40.21
2059, 6, 22.76, 19.89, 16.17, 13.19, 25.02, 32.46, 37.25, 39.77
2059, 7, 28.13, 25.28, 21.53, 18.3, 7.654, 15.45, 26.48, 34.05
2059, 8, 27.25, 24.45, 20.73, 17.49, 3.467, 8.319, 16.48, 24.78
2059, 9, 25.53, 22.7, 18.92, 15.61, 0.696, 1.009, 1.647, 2.866
2059, 10, 20.85, 18.05, 14.26, 10.98, 0, 0.002814, 0.01963, 0.1012
2059, 11, 12.36, 9.597, 5.88, 2.762, 56.66, 55.18, 55.74, 55.85
2059, 12, 9.743, 6.836, 2.987, -0.227, 74.67, 73.81, 76.4, 80.49
2060, 1, 13.49, 10.63, 6.851, 3.743, 32.55, 33.76, 35.62, 35.79
2060, 2, 11.92, 9.333, 5.771, 2.632, 80.96, 77, 73.38, 68.81
2060, 3, 9.601, 6.956, 3.409, 0.4904, 120, 118.7, 121.9, 121.8
2060, 4, 13.23, 10.45, 6.811, 3.743, 101, 105.5, 109.2, 97.76
2060, 5, 19.95, 17.1, 13.43, 10.28, 7.37, 9.51, 11.57, 12.15
2060, 6, 26.24, 23.43, 19.73, 16.56, 0.8492, 1.425, 1.664, 2.047
2060, 7, 28.03, 25.26, 21.58, 18.44, 2.052, 4.095, 7.698, 12.06
2060, 8, 26.22, 23.37, 19.68, 16.48, 4.515, 7.528, 13.71, 22.46
2060, 9, 22.85, 20.1, 16.4, 13.17, 15, 19.08, 22.46, 25.99
2060, 10, 22.16, 19.33, 15.52, 12.24, 14.26, 14.85, 14.91, 14.68
2060, 11, 16.56, 13.75, 9.929, 6.648, 3.238, 3.939, 3.997, 3.725
2060, 12, 12.51, 9.582, 5.732, 2.599, 141.5, 144.7, 149.2, 147.7
2061, 1, 11.83, 8.956, 5.112, 1.881, 179, 177.8, 185.7, 195.1
2061, 2, 10.35, 7.657, 4.055, 0.9903, 527.4, 513, 524.2, 530.6
2061, 3, 10.2, 7.513, 3.893, 0.8142, 160.2, 153.7, 158.9, 165
2061, 4, 13.69, 10.95, 7.284, 4.086, 107.8, 116.9, 127.2, 126
2061, 5, 13.94, 11.13, 7.402, 4.057, 130.2, 140.6, 154.5, 151.5
2061, 6, 23.33, 20.53, 16.85, 13.79, 0.6006, 0.9706, 1.242, 1.227
2061, 7, 28.46, 25.7, 22.02, 18.91, 0.6747, 1.679, 3.994, 7.887
2061, 8, 26.72, 24.02, 20.4, 17.36, 1.199, 2.991, 5.976, 9.665
2061, 9, 25.44, 22.62, 18.89, 15.61, 0.305, 0.6096, 1.144, 1.84
2061, 10, 24.36, 21.52, 17.71, 14.38, 128.4, 128.3, 123, 123.2
2061, 11, 12.87, 10.04, 6.244, 3.03, 158.3, 142.9, 137.1, 136.2
2061, 12, 11.97, 9.166, 5.428, 2.323, 36.37, 35.13, 35.98, 36.02
2062, 1, 11.77, 8.893, 5.188, 2.087, 90.19, 88.08, 86.62, 87.21
2062, 2, 12.81, 10.13, 6.431, 3.116, 122.3, 123.3, 128.4, 137.4
2062, 3, 11.76, 8.966, 5.281, 2.217, 189.6, 188.3, 192.3, 186.7
2062, 4, 14.29, 11.55, 7.887, 4.668, 43.22, 47.34, 48.5, 42.97
2062, 5, 18.61, 15.79, 12.08, 8.981, 23.92, 26.42, 29.92, 29.26
2062, 6, 25.36, 22.53, 18.76, 15.6, 2.789, 3.957, 4.731, 6.026
2062, 7, 30.04, 27.24, 23.52, 20.38, 0.2253, 0.7121, 1.945, 2.919
2062, 8, 26.14, 23.44, 19.75, 16.5, 5.851, 8.966, 14.29, 20.89
2062, 9, 21.56, 18.75, 14.99, 11.67, 159.1, 190.6, 227.8, 238.5
2062, 10, 19.77, 16.97, 13.25, 10.06, 80.44, 83.11, 86.09, 95.8
2062, 11, 12.1, 9.223, 5.464, 2.255, 80, 75.94, 77.18, 83.52
2062, 12, 10.56, 7.752, 3.859, 0.447, 168.1, 162, 163, 180.8
2063, 1, 9.65, 6.814, 3.078, -0.04952, 523.2, 497.6, 499.9, 533.7
2063, 2, 5.218, 2.438, -1.361, -4.741, 535.5, 514.6, 515.5, 527.8
2063, 3, 12.36, 9.617, 5.889, 2.672, 118.1, 116.1, 123.6, 125.2
2063, 4, 10.42, 7.595, 3.856, 0.5693, 150.7, 147.3, 150.9, 152.5
2063, 5, 17.14, 14.26, 10.55, 7.347, 19.05, 22.66, 27.36, 35.16
2063, 6, 23.68, 20.87, 17.09, 13.88, 8.241, 11.94, 14.34, 18.16
2063, 7, 28.76, 25.97, 22.26, 19.06, 2.882, 5.544, 8.964, 14.21
2063, 8, 29.58, 26.83, 23.15, 19.9, 10.42, 17.51, 29.17, 41.76
2063, 9, 25.79, 23.04, 19.41, 16.17, 152, 177.7, 209.1, 214.9
2063, 10, 20.91, 18.09, 14.32, 11.05, 99.77, 103, 104, 102.3
2063, 11, 14.74, 11.99, 8.237, 4.982, 309.5, 295.3, 295.2, 308.7
2063, 12, 10.12, 7.441, 3.7, 0.4588, 46.38, 52.19, 53.65, 45.75
2064, 1, 12.02, 9.187, 5.432, 2.191, 167.9, 154.9, 163.6, 193.3
2064, 2, 10.04, 7.422, 3.777, 0.5396, 168.6, 168, 168.7, 165.4
2064, 3, 9.386, 6.499, 2.782, -0.3525, 332.2, 320, 320.1, 311.6
2064, 4, 12.48, 9.809, 6.195, 2.987, 122.8, 121.2, 125.5, 126
2064, 5, 18.73, 15.99, 12.32, 9.126, 64.52, 65.45, 68.53, 68.3
2064, 6, 22.83, 20.03, 16.29, 13.12, 14.69, 16.22, 14.84, 14.42
2064, 7, 27.71, 24.88, 21.15, 17.92, 0.3791, 1.535, 3.635, 5.195
2064, 8, 30.31, 27.5, 23.76, 20.55, 4.864, 8.248, 14.95, 25.1
2064, 9, 26.2, 23.5, 19.84, 16.6, 30.48, 33.96, 39.3, 44.4
2064, 10, 21.75, 18.95, 15.17, 11.84, 0.942, 1.655, 2.61, 3.27
2064, 11, 14.48, 11.74, 7.899, 4.642, 80.61, 76.6, 74.63, 71.67
2064, 12, 9.447, 6.613, 2.749, -0.5408, 265.1, 256, 261.6, 285.8
2065, 1, 10.02, 7.108, 3.31, 0.1023, 283.4, 277.4, 284.2, 284.1
2065, 2, 11.7, 9.029, 5.359, 2.056, 214.2, 199, 195.9, 210.4
2065, 3, 8.354, 5.542, 1.838, -1.308, 399.3, 414.3, 427.6, 406.1
2065, 4, 10.87, 8.09, 4.414, 1.161, 47.83, 50.55, 52.58, 45.85
2065, 5, 22.23, 19.42, 15.74, 12.52, 0, 0.03944, 0.08696, 0.1595
2065, 6, 28.2, 25.47, 21.76, 18.47, 2.417, 5.878, 10.02, 13.55
2065, 7, 28.65, 25.8, 22.06, 18.82, 2.154, 4.578, 10.02, 15.07
2065, 8, 26.59, 23.89, 20.3, 17.18, 0.6126, 1.27, 3.348, 6.338
2065, 9, 25.29, 22.54, 18.85, 15.53, 4.797, 6.514, 8.467, 11.06
2065, 10, 21.11, 18.3, 14.53, 11.35, 73.03, 65.47, 64.55, 65.71
2065, 11, 15.72, 12.92, 9.14, 5.885, 165.1, 157, 158.3, 175
2065, 12, 10.86, 7.954, 4.045, 0.8319, 84.72, 85.93, 85.71, 75.65
2066, 1, 11.47, 8.696, 4.919, 1.804, 42.81, 39.73, 41.72, 46.63
2066, 2, 11.25, 8.547, 4.876, 1.698, 168, 158.4, 156, 159.5
2066, 3, 9.086, 6.386, 2.787, -0.2524, 631.1, 620.4, 633, 591.6
2066, 4, 11.82, 8.998, 5.26, 2.061, 107.8, 104.4, 107.1, 114.3
2066, 5, 17.8, 15, 11.33, 8.051, 51.1, 56.05, 62.5, 65.78
2066, 6, 22.31, 19.55, 15.87, 12.72, 0.7162, 1.381, 2.086, 2.758
2066, 7, 27.65, 24.85, 21.1, 17.83, 1.614, 3.932, 5.948, 7.814
2066, 8, 29.31, 26.52, 22.81, 19.61, 0, 0.5397, 1.593, 4.421
2066, 9, 25.44, 22.7, 19.04, 15.83, 0.6751, 1.185, 1.249, 1.163
2066, 10, 21.48, 18.68, 14.95, 11.74, 30.39, 31.66, 32.79, 33.61
2066, 11, 14.9, 12.07, 8.212, 4.889, 62.11, 61.1, 59.72, 55.86
2066, 12, 8.665, 5.822, 1.998, -1.16, 242.7, 239.9, 246.5, 259.1
2067, 1, 10.98, 8.218, 4.543, 1.492, 43.5, 40.16, 41.08, 48.16
2067, 2, 10.72, 8.046, 4.376, 1.217, 216.8, 204.2, 202, 205.3
2067, 3, 10.57, 7.788, 4.117, 0.9797, 224.1, 218.8, 217.6, 206.2
2067, 4, 11.07, 8.265, 4.63, 1.585, 107.5, 116.3, 125.7, 119.7
2067, 5, 21.88, 19.15, 15.54, 12.47, 0.5305, 0.5009, 0.4619, 0.5267
2067, 6, 25.34, 22.63, 18.91, 15.61, 0.1041, 0.1602, 0.2972, 0.4688
2067, 7, 31.09, 28.32, 24.6, 21.37, 0.831, 2.101, 4.657, 8.436
2067, 8, 29.51, 26.76, 23.11, 19.97, 2.335, 4.682, 8.696, 11.73
2067, 9, 25.29, 22.54, 18.86, 15.61, 0.1982, 0.3691, 0.782, 1.663
2067, 10, 23.58, 20.75, 16.97, 13.78, 9.155, 11.99, 12.03, 12.69
2067, 11, 14.88, 12.07, 8.326, 5.167, 9.443, 10.91, 12.46, 15.15
2067, 12, 13.01, 10.19, 6.356, 3.179, 17.17, 18.64, 22.47, 26.7
2068, 1, 9.994, 7.192, 3.527, 0.4717, 91.81, 90.26, 95.33, 103.5
2068, 2, 9.993, 7.187, 3.475, 0.3111, 152.8, 155.2, 159.3, 145.3
2068, 3, 11.66, 8.886, 5.253, 2.23, 234, 226, 227.6, 202.9
2068, 4, 13.82, 11.02, 7.41, 4.397, 112.5, 115.5, 115.7, 97.24
2068, 5, 20.37, 17.63, 14.07, 11.05, 4.729, 5.127, 6.79, 7.666
2068, 6, 26.7, 23.88, 20.16, 16.97, 0.9115, 1.287, 1.659, 2.457
2068, 7, 29.84, 27.06, 23.36, 20.14, 0.7555, 2.247, 5.026, 6.285
2068, 8, 25.27, 22.47, 18.8, 15.7, 9.72, 13.21, 18.44, 25.78
2068, 9, 22.06, 19.33, 15.74, 12.51, 64.26, 67.41, 79.92, 91.45
2068, 10, 21.66, 18.75, 14.97, 11.75, 2.437, 2.741, 3.681, 4.147
2068, 11, 14.48, 11.68, 7.926, 4.72, 66.25, 62.23, 59.61, 60.54
2068, 12, 11.68, 8.924, 5.173, 1.99, 103.9, 99.69, 105.9, 103.5
2069, 1, 8.489, 5.655, 1.898, -1.282, 376.3, 351.3, 352.1, 361.3
2069, 2, 9.117, 6.572, 3.085, 0.0246, 320.2, 296.6, 288.6, 299.1
2069, 3, 12.85, 10.11, 6.53, 3.532, 64.73, 64.49, 65.83, 60
2069, 4, 14.84, 12.04, 8.448, 5.441, 33.15, 38.71, 43.2, 38.04
2069, 5, 21.3, 18.58, 15, 11.95, 2.259, 2.546, 2.877, 3.682
2069, 6, 25.64, 22.88, 19.13, 15.82, 0.5901, 0.7023, 0.9389, 1.058
2069, 7, 27.42, 24.63, 20.91, 17.61, 0.005607, 0.1923, 0.5716, 1.124
2069, 8, 27.72, 25.06, 21.39, 18.12, 3.5, 5.789, 11.34, 18.39
2069, 9, 25.6, 22.74, 18.96, 15.61, 160.4, 189.5, 222.3, 227.6
2069, 10, 22.3, 19.47, 15.72, 12.53, 0.8139, 0.4526, 0.2294, 0.1455
2069, 11, 14.08, 11.21, 7.388, 4.171, 10.54, 12.47, 13.49, 12.44
2069, 12, 13.51, 10.53, 6.611, 3.395, 45.76, 46.02, 46.53, 39.36
2070, 1, 11.66, 8.779, 4.982, 1.66, 400.8, 380, 387.6, 405.8
2070, 2, 10.86, 8.186, 4.508, 1.238, 374.7, 359.9, 363.9, 366.7
2070, 3, 12.29, 9.568, 5.957, 2.938, 84.37, 84.2, 83.45, 72.48
2070, 4, 12.38, 9.557, 5.866, 2.783, 66.82, 66.73, 71.68, 80.51
2070, 5, 21.91, 19.15, 15.54, 12.53, 1.576, 1.828, 2.212, 2.379
2070, 6, 26.76, 24, 20.32, 17.15, 1.731, 3.198, 4.853, 5.459
2070, 7, 26.01, 23.18, 19.46, 16.26, 0.302, 1.326, 3.46, 6.55
2070, 8, 28.96, 26.19, 22.54, 19.34, 0.3483, 0.7711, 1.679, 2.988
2070, 9, 27.88, 25.04, 21.33, 18.08, 5.163, 8.797, 8.44, 6.309
2070, 10, 25.17, 22.4, 18.65, 15.4, 3.478, 4.596, 4.65, 3.775
2070, 11, 16.26, 13.46, 9.626, 6.456, 48.17, 44.99, 44.13, 50.51
2070, 12, 12.3, 9.29, 5.388, 2.221, 33.81, 39.14, 45.42, 53.34
2071, 1, 11.7, 8.808, 5.055, 1.864, 291.4, 284.7, 297.2, 304.5
2071, 2, 8.736, 6.066, 2.35, -0.9377, 215, 212.2, 216.5, 213.3
2071, 3, 14.2, 11.47, 7.847, 4.861, 21.33, 23.98, 28.43, 32.51
2071, 4, 14.78, 11.97, 8.329, 5.362, 108.2, 116.2, 120.8, 106.7
2071, 5, 19, 16.15, 12.53, 9.45, 26.19, 29.73, 33.61, 32
2071, 6, 26.11, 23.34, 19.64, 16.51, 20.61, 24.69, 24.46, 22.67
2071, 7, 29.24, 26.54, 22.87, 19.61, 0.3858, 1.83, 4.15, 6.761
2071, 8, 30.89, 28.23, 24.71, 21.67, 0.04297, 0.6133, 1.762, 3.489
2071, 9, 26.64, 23.78, 20.01, 16.71, 27.12, 33.05, 41.65, 41.83
2071, 10, 21.6, 18.79, 14.99, 11.68, 8.925, 12.27, 11.69, 13.92
2071, 11, 14.41, 11.69, 7.92, 4.681, 79.24, 67.53, 62.91, 67.17
2071, 12, 12.7, 9.931, 6.12, 2.887, 51.12, 51.45, 52.81, 55.54
2072, 1, 12.19, 9.363, 5.694, 2.625, 80.59, 76.81, 76.71, 83.57
2072, 2, 11.54, 8.854, 5.164, 1.932, 393.5, 400, 405.1, 365.5
2072, 3, 11.41, 8.609, 4.987, 1.92, 223.3, 226.6, 231.5, 208.3
2072, 4, 12.96, 10.16, 6.522, 3.478, 75.81, 74.24, 75.74, 70.01
2072, 5, 20.76, 17.97, 14.32, 11.23, 24.22, 26, 27.64, 25.04
2072, 6, 24.13, 21.23, 17.49, 14.37, 1.181, 1.18, 1.28, 1.666
2072, 7, 29.71, 27, 23.31, 20.05, 0.3859, 1.702, 3.605, 4.889
2072, 8, 28.13, 25.37, 21.71, 18.56, 9.241, 11.18, 14.33, 17.18
2072, 9, 28.38, 25.57, 21.82, 18.49, 9.557, 13.76, 17.24, 19.66
2072, 10, 25.12, 22.28, 18.44, 15.12, 21.48, 24.35, 32.4, 47.19
2072, 11, 14.09, 11.25, 7.464, 4.204, 222, 214.2, 218.1, 224.7
2072, 12, 11.19, 8.288, 4.405, 1.213, 50.21, 45.84, 40.87, 37.6
2073, 1, 12.4, 9.605, 5.793, 2.571, 86.36, 81.33, 83.47, 97.4
2073, 2, 10.25, 7.598, 3.964, 0.7453, 476.9, 460.2, 472.7, 526.7
2073, 3, 12.09, 9.344, 5.629, 2.429, 249.7, 238.7, 236.1, 219.2
2073, 4, 11.62, 8.858, 5.243, 2.182, 205.8, 219.9, 238.5, 216.6
2073, 5, 21.59, 18.88, 15.26, 12.09, 1.16, 1.973, 2.72, 3.471
2073, 6, 24.05, 21.2, 17.43, 14.11, 10.66, 14.24, 17.29, 20.71
2073, 7, 28.54, 25.66, 21.92, 18.88, 0.551, 10.54, 31.26, 43.11
2073, 8, 28.77, 25.98, 22.24, 18.95, 13.91, 22.62, 37.46, 55.97
2073, 9, 23.58, 20.81, 17.12, 13.86, 88.3, 97.44, 111.9, 116.4
2073, 10, 20.8, 17.99, 14.16, 10.82, 66.1, 61.21, 61.57, 78.07
2073, 11, 14.05, 11.15, 7.294, 3.922, 152.1, 152.8, 157.2, 165
2073, 12, 12.57, 9.832, 6.021, 2.785, 62.61, 63.74, 66.65, 67.15
2074, 1, 9.115, 6.273, 2.532, -0.6556, 437.4, 401, 396.6, 415.3
2074, 2, 8.709, 6.113, 2.468, -0.8088, 344.6, 330, 336.6, 336.3
2074, 3, 12.91, 10.19, 6.519, 3.372, 112.1, 107.7, 109.3, 109.4
2074, 4, 11.43, 8.634, 4.979, 1.827, 68.43, 71.71, 73.15, 63.63
2074, 5, 17.62, 14.89, 11.22, 7.953, 55.53, 61.79, 72.64, 81
2074, 6, 23.11, 20.23, 16.47, 13.4, 1.035, 1.207, 1.341, 1.668
2074, 7, 31.21, 28.49, 24.82, 21.59, 0.8183, 2.29, 4.819, 6.392
2074, 8, 27.11, 24.46, 20.9, 17.85, 0.6313, 1.165, 2.569, 4.31
2074, 9, 26.28, 23.49, 19.77, 16.52, 0.1542, 0.3579, 0.7083, 1.363
2074, 10, 22.25, 19.46, 15.72, 12.41, 9.216, 8.504, 8.194, 7.375
2074, 11, 17.74, 15.01, 11.22, 8.013, 44.22, 44.17, 45.69, 43.79
2074, 12, 13.79, 10.92, 7.013, 3.812, 112.4, 106.3, 101.8, 95.97
2075, 1, 11.78, 8.946, 5.175, 1.96, 141, 136.8, 139.2, 147
2075, 2, 10.61, 7.872, 4.125, 0.8244, 327, 313, 311.7, 298.6
2075, 3, 9.063, 6.318, 2.716, -0.3343, 364.8, 362.1, 369.1, 335.8
2075, 4, 13.55, 10.97, 7.408, 4.245, 142.9, 142.1, 145.2, 143
2075, 5, 19.98, 17.25, 13.64, 10.52, 2.432, 2.887, 3.222, 3.714
2075, 6, 25.64, 22.83, 19.12, 15.92, 0.04069, 0.06543, 0.09724, 0.03742
2075, 7, 29.34, 26.55, 22.77, 19.47, 0.1338, 0.342, 0.6133, 1.036
2075, 8, 27.71, 25, 21.33, 18.12, 0.1175, 0.5996, 1.531, 3.658
2075, 9, 26.02, 23.27, 19.58, 16.25, 1.857, 3.185, 3.917, 3.688
2075, 10, 22.48, 19.74, 15.95, 12.66, 0, 0.00419, 0.04031, 0.1822
2075, 11, 11.85, 8.951, 5.069, 1.791, 146.5, 135.1, 137, 147.3
2075, 12, 8.363, 5.531, 1.609, -1.68, 277.9, 271.7, 279.1, 300.2
2076, 1, 9.939, 7.015, 3.195, -0.08457, 298.3, 283.6, 290.9, 321.4
2076, 2, 12.97, 10.25, 6.502, 3.273, 233.5, 231.7, 236.1, 229.5
2076, 3, 12.17, 9.408, 5.711, 2.579, 255.6, 255.8, 265.2, 239.4
2076, 4, 10.39, 7.639, 4.021, 0.9513, 165, 167.4, 169.6, 161.1
2076, 5, 19.85, 17.12, 13.5, 10.34, 6.348, 8.289, 10.74, 14.09
2076, 6, 26.29, 23.53, 19.84, 16.65, 0, 0.04154, 0.09395, 0.3411
2076, 7, 31, 28.29, 24.6, 21.41, 0.3948, 2.796, 7.501, 12.76
2076, 8, 28.04, 25.33, 21.7, 18.48, 0.7871, 2.113, 4.339, 7.342
2076, 9, 28.34, 25.5, 21.77, 18.37, 0.7961, 1.079, 1.639, 3.236
2076, 10, 24.81, 22.01, 18.23, 15.05, 1.995, 2.264, 2.701, 2.545
2076, 11, 14.76, 12.04, 8.245, 5.022, 113.6, 110.1, 109.8, 103.6
2076, 12, 8.756, 5.879, 2.092, -0.9803, 104.5, 107.1, 110.3, 102.3
2077, 1, 9.781, 6.998, 3.318, 0.1775, 95.59, 90.62, 94.03, 99.39
2077, 2, 8.194, 5.559, 1.963, -1.279, 280.6, 269.3, 273.9, 285.1
2077, 3, 15.89, 13.16, 9.539, 6.505, 16.42, 16.62, 17.6, 17.61
2077, 4, 18.23, 15.53, 11.99, 9.028, 74.49, 80.21, 83.81, 75.16
2077, 5, 20.82, 18.03, 14.4, 11.3, 24.98, 27.46, 33.42, 30.78
2077, 6, 25.6, 22.72, 18.93, 15.67, 0, 0.1343, 0.2713, 0.1535
2077, 7, 28.26, 25.49, 21.79, 18.54, 0.05904, 0.1829, 0.3518, 0.6051
2077, 8, 28.43, 25.72, 22.1, 18.92, 0.08217, 0.2259, 0.8201, 2.615
2077, 9, 25.61, 22.84, 19.17, 15.93, 3.777, 9.118, 13.57, 16.68
2077, 10, 20.46, 17.66, 13.95, 10.77, 15.99, 16.02, 17.96, 18.58
2077, 11, 13.17, 10.38, 6.645, 3.458, 111.9, 113.8, 121, 118.4
2077, 12, 11.24, 8.37, 4.501, 1.333, 650.7, 635.1, 652.2, 677.5
2078, 1, 11.62, 8.778, 5.125, 2.119, 11.58, 11.38, 13.36, 14.82
2078, 2, 15.21, 12.59, 8.98, 5.824, 9.434, 9.921, 10.29, 10.58
2078, 3, 11.01, 8.371, 4.802, 1.724, 307.9, 300.4, 306.6, 284.7
2078, 4, 19.25, 16.59, 13.07, 10.13, 18.28, 20.43, 20.7, 17.2
2078, 5, 21.4, 18.66, 15.07, 12.02, 0, 0, 0, 0
2078, 6, 25.19, 22.43, 18.75, 15.57, 0.9435, 0.9057, 0.5856, 0.5979
2078, 7, 28.4, 25.77, 22.16, 18.95, 0.1216, 0.4321, 1.152, 3.022
2078, 8, 29.32, 26.65, 23, 19.77, 1.171, 2.507, 5.704, 9.013
2078, 9, 27.04, 24.29, 20.6, 17.3, 0.2852, 0.6333, 1.195, 2.574
2078, 10, 23.73, 20.89, 17.15, 14.01, 4.199, 2.946, 2.47, 2.972
2078, 11, 18.32, 15.45, 11.55, 8.355, 3.188, 3.568, 4.355, 5.602
2078, 12, 9.712, 6.923, 3.127, 0.07496, 117.7, 117.9, 118.5, 113.4
2079, 1, 15.75, 12.85, 9.12, 6.017, 1.589, 1.559, 1.704, 2.416
2079, 2, 14.98, 12.37, 8.771, 5.703, 59.99, 60.47, 63.93, 63.16
2079, 3, 12.05, 9.352, 5.744, 2.683, 82.6, 74.75, 70.77, 67.01
2079, 4, 18.12, 15.46, 11.93, 8.975, 12.89, 14.92, 16.39, 14.1
2079, 5, 22.36, 19.63, 15.97, 12.77, 9.644, 12.22, 14.71, 19.26
2079, 6, 26.63, 23.83, 20.11, 16.9, 0.2026, 0.3893, 0.6353, 0.9475
2079, 7, 28.45, 25.73, 22.07, 18.82, 0.2313, 1.091, 2.857, 4.883
2079, 8, 29.39, 26.7, 23.06, 19.87, 0.4469, 1.51, 3.007, 6.113
2079, 9, 28.99, 26.21, 22.53, 19.25, 1.807, 3.9, 6.487, 10.58
2079, 10, 23.09, 20.3, 16.58, 13.42, 0.02862, 0.01606, 0.03543, 0.0921
2079, 11, 15.76, 12.86, 8.936, 5.649, 136.4, 129.7, 127, 117.2
2079, 12, 9.912, 7.103, 3.346, 0.2376, 108.5, 104.6, 103.3, 97.51
2080, 1, 10.38, 7.522, 3.761, 0.5896, 142.5, 137.5, 141.7, 153.3
2080, 2, 12.48, 9.959, 6.428, 3.279, 15.94, 14.81, 15.31, 13.2
2080, 3, 12.8, 10.17, 6.657, 3.652, 98.85, 102.7, 109, 93.54
2080, 4, 14.97, 12.27, 8.715, 5.709, 113.2, 115.8, 117.5, 107.8
2080, 5, 22.46, 19.74, 16.12, 12.95, 0, 0.074, 0.1428, 0.2362
2080, 6, 25.3, 22.43, 18.64, 15.4, 0, 0.00452, 0.03392, 0.02476
2080, 7, 29.28, 26.51, 22.81, 19.6, 3.055, 7.081, 13.67, 20.42
2080, 8, 29.87, 27.13, 23.41, 20.08, 5.144, 8.237, 13.01, 19.12
2080, 9, 25.58, 22.84, 19.19, 15.92, 3.604, 5.173, 7.626, 12.84
2080, 10, 24.03, 21.28, 17.56, 14.35, 1.998, 1.952, 2.244, 3.554
2080, 11, 13.51, 10.71, 6.927, 3.747, 81.48, 86.24, 88.22, 89.11
2080, 12, 8.538, 5.675, 1.841, -1.287, 166.3, 153.6, 158.2, 173.1
2081, 1, 10.86, 8.043, 4.341, 1.098, 204.5, 192, 192, 200.2
2081, 2, 10.36, 7.725, 4.113, 0.9611, 382, 379.9, 382.6, 359.6
2081, 3, 12.63, 9.941, 6.337, 3.271, 417.4, 404.9, 401, 386.4
2081, 4, 10.81, 8.069, 4.393, 1.127, 170, 173.2, 177.8, 169.5
2081, 5, 18.01, 15.25, 11.59, 8.337, 22.98, 21.47, 22.69, 25.99
2081, 6, 26.09, 23.23, 19.46, 16.31, 0, 0, 0, 0
2081, 7, 29.87, 27.24, 23.59, 20.39, 0.1756, 0.3396, 0.9262, 1.201
2081, 8, 27.74, 25.03, 21.35, 18.12, 12.7, 22.38, 38.79, 60.16
2081, 9, 26.91, 24.14, 20.45, 17.15, 6.358, 7.694, 8.783, 9.621
2081, 10, 25.51, 22.69, 18.89, 15.62, 7.954, 10.37, 12.13, 14.87
2081, 11, 16.86, 14.12, 10.31, 7.119, 21.8, 20.56, 19.62, 19.65
2081, 12, 11.76, 8.856, 5.065, 1.965, 112.1, 107.3, 108.1, 111.1
2082, 1, 13.49, 10.7, 6.914, 3.736, 58.5, 54.37, 54.17, 54.49
2082, 2, 12.08, 9.437, 5.805, 2.629, 128.7, 123.2, 116.7, 107.6
2082, 3, 15.94, 13.22, 9.577, 6.396, 20.65, 20.75, 21.96, 23.78
2082, 4, 14.9, 12.23, 8.677, 5.626, 9.082, 9.816, 9.887, 8
2082, 5, 21.65, 18.87, 15.2, 12.03, 0.3128, 0.4493, 0.6541, 0.5792
2082, 6, 26.53, 23.7, 19.95, 16.62, 9.854, 13.87, 19.81, 28.09
2082, 7, 31.04, 28.32, 24.65, 21.37, 0.1755, 0.4126, 0.903, 1.945
2082, 8, 27.16, 24.46, 20.85, 17.71, 4.358, 7.727, 13.97, 26.23
2082, 9, 27.55, 24.76, 21.07, 17.8, 13.38, 20.44, 25, 28.75
2082, 10, 19.61, 16.71, 12.93, 9.695, 136.8, 130.8, 129.6, 127.5
2082, 11, 11.33, 8.534, 4.654, 1.358, 147.1, 133.6, 130, 130.8
2082, 12, 11.31, 8.434, 4.625, 1.475, 61.93, 57.46, 66.43, 77.98
2083, 1, 11.06, 8.271, 4.635, 1.538, 172.5, 171, 176.7, 178.7
2083, 2, 11.31, 8.728, 5.142, 2.022, 54.09, 50.55, 51.04, 50.4
2083, 3, 13.28, 10.61, 7.029, 3.96, 59.79, 60.39, 62.37, 58.84
2083, 4, 17.16, 14.47, 10.88, 7.752, 39.12, 40.28, 41.95, 43.04
2083, 5, 20.39, 17.61, 13.97, 10.88, 7.212, 7.565, 9.842, 12.61
2083, 6, 25.59, 22.8, 19.06, 15.82, 0.6808, 1.01, 1.357, 1.983
2083, 7, 27.49, 24.75, 21.08, 17.86, 0.1139, 0.5303, 1.655, 2.467
2083, 8, 27.38, 24.79, 21.25, 18.09, 4.003, 5.609, 9.298, 13.33
2083, 9, 25.11, 22.4, 18.72, 15.34, 42.75, 49.58, 63.72, 82.88
2083, 10, 23.67, 20.85, 17.1, 13.84, 18.36, 15.11, 14.1, 15.64
2083, 11, 16.35, 13.58, 9.767, 6.565, 7.723, 9.63, 9.372, 7.35
2083, 12, 13.64, 10.86, 7.144, 4.053, 35.91, 35.47, 36.12, 37.15
2084, 1, 12.11, 9.325, 5.588, 2.418, 348.3, 340.1, 352, 346
2084, 2, 10.89, 8.276, 4.668, 1.407, 377.7, 351.3, 351.8, 364.6
2084, 3, 14, 11.22, 7.605, 4.538, 114.4, 111.7, 112.9, 114.2
2084, 4, 12.36, 9.633, 6.093, 3.019, 104, 106, 110.8, 109
2084, 5, 21.25, 18.55, 15.01, 11.91, 5.945, 7.579, 9.396, 11.85
2084, 6, 25.5, 22.63, 18.86, 15.58, 1.455, 1.875, 2.51, 3.822
2084, 7, 30.55, 27.82, 24.12, 20.84, 2.587, 6.539, 12.67, 17.1
2084, 8, 28.6, 25.96, 22.37, 19.18, 0.1529, 0.5407, 1.909, 4.326
2084, 9, 27.09, 24.33, 20.63, 17.26, 9.929, 14.74, 18.61, 21.28
2084, 10, 21.8, 19.01, 15.3, 12.09, 19.44, 17.23, 17.91, 20.57
2084, 11, 16.52, 13.7, 9.876, 6.622, 1.736, 1.463, 1.339, 1.972
2084, 12, 10.87, 8.079, 4.352, 1.237, 16.42, 15.46, 16, 17.25
2085, 1, 15.28, 12.4, 8.71, 5.692, 90.18, 92.07, 92.04, 87.92
2085, 2, 13.13, 10.54, 6.91, 3.712, 33.71, 32.13, 33.54, 34.64
2085, 3, 14.54, 11.77, 8.134, 5.086, 77.57, 74.73, 76.48, 78.82
2085, 4, 15.83, 13.18, 9.674, 6.693, 33.47, 31.06, 31.85, 32.94
2085, 5, 22.46, 19.74, 16.12, 12.93, 6.314, 8.552, 10.72, 13.4
2085, 6, 27.35, 24.57, 20.89, 17.68, 0, 0.06324, 0.1489, 0.2245
2085, 7, 31.18, 28.47, 24.78, 21.5, 0.9669, 2.161, 3.882, 6.109
2085, 8, 28.79, 26.09, 22.45, 19.19, 0.2552, 1.044, 1.889, 2.892
2085, 9, 23.94, 21.22, 17.56, 14.21, 0, 0.8314, 1.73, 2.877
2085, 10, 21.92, 19.12, 15.37, 12.13, 2.694, 3.801, 4.186, 3.855
2085, 11, 15.31, 12.52, 8.736, 5.616, 93.49, 79.23, 71.44, 71.96
2085, 12, 6.664, 3.755, -0.08699, -3.278, 121.4, 122.4, 127.7, 135.4
2086, 1, 7.548, 4.657, 0.9192, -2.136, 231.9, 227.2, 234.4, 247.9
2086, 2, 10.16, 7.511, 3.876, 0.6599, 190, 185.2, 182.9, 171.8
2086, 3, 15.42, 12.67, 9.076, 6.086, 12.33, 12.96, 13.99, 11.48
2086, 4, 21.7, 19.05, 15.5, 12.44, 1.273, 1.555, 1.744, 1.975
2086, 5, 22.22, 19.39, 15.72, 12.56, 0.5598, 0.9164, 1.275, 1.603
2086, 6, 27.06, 24.21, 20.43, 17.12, 0.2138, 1.336, 2.718, 3.737
2086, 7, 29.47, 26.85, 23.29, 20.2, 0.4372, 2.147, 5.738, 9.2
2086, 8, 28.5, 25.75, 22.08, 18.9, 3.28, 5.607, 10.53, 15.2
2086, 9, 25.03, 22.33, 18.71, 15.47, 24.77, 26.54, 32.08, 34.24
2086, 10, 22.52, 19.71, 15.95, 12.65, 110.1, 101.1, 97.51, 101.2
2086, 11, 13.67, 10.87, 7.119, 3.932, 63.8, 54.58, 50.37, 50.43
2086, 12, 11.82, 8.937, 5.107, 1.93, 234.1, 224.1, 227.4, 220.3
2087, 1, 8.598, 5.907, 2.263, -0.8526, 53.43, 52.99, 53.45, 51.19
2087, 2, 13.23, 10.67, 7.084, 3.93, 43.71, 40.58, 41.74, 43.81
2087, 3, 17.78, 15.05, 11.45, 8.529, 28.77, 30.99, 32.45, 31.01
2087, 4, 13.34, 10.6, 6.989, 3.904, 148.9, 152.5, 154.6, 138.1
2087, 5, 22.34, 19.58, 15.94, 12.7, 22.4, 24.97, 27.7, 25.49
2087, 6, 23.09, 20.27, 16.48, 13.24, 7.248, 9.091, 11.41, 12.66
2087, 7, 30.01, 27.36, 23.74, 20.54, 0.4667, 1.782, 4.469, 8.113
2087, 8, 28.24, 25.53, 21.88, 18.72, 5.331, 7.758, 12.11, 17.27
2087, 9, 27.65, 24.94, 21.23, 17.88, 2.408, 3.984, 6.693, 10.01
2087, 10, 24.24, 21.38, 17.58, 14.29, 3.394, 4.122, 4.423, 4.781
2087, 11, 17.79, 14.94, 11.09, 7.871, 72.42, 68.86, 65.7, 61.09
2087, 12, 12.15, 9.21, 5.433, 2.298, 65.25, 58.2, 58.54, 69.21
2088, 1, 8.771, 5.99, 2.324, -0.8707, 248, 237.3, 240.6, 243.6
2088, 2, 14.41, 11.91, 8.303, 5.039, 66.77, 63.64, 64.25, 69.25
2088, 3, 12.87, 10.26, 6.684, 3.594, 201.6, 198.7, 206.1, 205
2088, 4, 15.06, 12.38, 8.735, 5.523, 44.5, 48.29, 53.21, 53.4
2088, 5, 19.72, 16.94, 13.32, 10.19, 31.96, 32.88, 35.22, 31.62
2088, 6, 25.56, 22.69, 18.93, 15.67, 8.781, 13.69, 19.08, 26.21
2088, 7, 28.33, 25.76, 22.15, 19.01, 2.557, 5.455, 10.54, 14.17
2088, 8, 27.91, 25.29, 21.7, 18.51, 5.227, 9.007, 14.56, 22.35
2088, 9, 29.63, 26.87, 23.16, 19.8, 7.311, 13.76, 18.36, 20.49
2088, 10, 21.81, 19.06, 15.39, 12.23, 6.895, 8.096, 8.609, 8.445
2088, 11, 15.63, 12.82, 9.044, 5.872, 20, 20.48, 20.72, 22.14
2088, 12, 11.02, 8.131, 4.33, 1.239, 166.7, 154.2, 154.3, 153.2
2089, 1, 9.487, 6.695, 2.975, -0.1961, 184.6, 183.3, 189.1, 206.1
2089, 2, 9.364, 6.82, 3.234, -0.04368, 250.9, 241.5, 244.5, 241.3
2089, 3, 14.4, 11.75, 8.168, 5.005, 156.7, 156.3, 158.1, 146.5
2089, 4, 19.86, 17.22, 13.69, 10.63, 3.969, 5.848, 7.397, 6.856
2089, 5, 25.26, 22.58, 18.97, 15.84, 3.744, 5.108, 6.273, 5.808
2089, 6, 26.45, 23.63, 19.86, 16.64, 0.6223, 1.862, 2.625, 2.326
2089, 7, 29.45, 26.71, 22.99, 19.62, 0.7588, 3.372, 7.408, 10.84
2089, 8, 26.98, 24.38, 20.8, 17.6, 0.306, 1.386, 4.035, 6.464
2089, 9, 26.44, 23.65, 19.97, 16.72, 5.089, 8.061, 11.68, 15.06
2089, 10, 25.7, 22.87, 19.07, 15.77, 2.863, 2.674, 2.686, 3.048
2089, 11, 15.43, 12.59, 8.789, 5.619, 3.814, 3.942, 4.172, 5.328
2089, 12, 10.26, 7.339, 3.532, 0.4731, 81.23, 70.73, 67.13, 74.05
2090, 1, 9.343, 6.601, 2.935, -0.2633, 109.8, 100.5, 103.2, 114.2
2090, 2, 12.02, 9.409, 5.769, 2.441, 171.6, 165.4, 167, 166.6
2090, 3, 11.96, 9.184, 5.57, 2.547, 104.7, 106.7, 115.5, 120.2
2090, 4, 13.97, 11.27, 7.695, 4.638, 27.3, 30.06, 33.35, 30.86
2090, 5, 23.33, 20.59, 16.99, 13.81, 0.4179, 0.6427, 0.968, 1.649
2090, 6, 24.35, 21.54, 17.83, 14.57, 0.1689, 0.8945, 2.067, 3.513
2090, 7, 29.3, 26.59, 22.91, 19.7, 1.268, 3.177, 5.721, 8.137
2090, 8, 31.66, 29.02, 25.42, 22.26, 0.4698, 1.469, 2.693, 3.75
2090, 9, 27.84, 25, 21.24, 17.83, 29.94, 36.83, 45.01, 57.38
2090, 10, 25.01, 22.19, 18.41, 15.17, 17.12, 18.25, 19.78, 22.14
2090, 11, 14.04, 11.21, 7.383, 4.203, 81.36, 75.96, 75.48, 78.92
2090, 12, 11.31, 8.521, 4.733, 1.552, 281.6, 267, 275.7, 274.2
2091, 1, 11.95, 9.124, 5.395, 2.276, 138.1, 139.9, 145.7, 137.1
2091, 2, 8.33, 5.705, 2.058, -1.274, 297, 292.6, 294.6, 276.1
2091, 3, 14.22, 11.48, 7.859, 4.809, 69.87, 69.86, 73.4, 76.92
2091, 4, 17.35, 14.64, 11.03, 7.948, 19.25, 21.18, 22.73, 22.44
2091, 5, 20.09, 17.34, 13.75, 10.68, 0.7945, 1.129, 1.494, 0.8799
2091, 6, 26.8, 23.96, 20.28, 17.19, 0, 0.1158, 0.3548, 0.9021
2091, 7, 29.53, 26.8, 23.1, 19.81, 4.024, 7.527, 13.3, 19.47
2091, 8, 30.91, 28.31, 24.77, 21.71, 7.626, 12.29, 20.38, 28.55
2091, 9, 29.64, 26.89, 23.22, 19.97, 0.5442, 0.8005, 1.239, 2.229
2091, 10, 23.42, 20.58, 16.83, 13.62, 0.504, 1.095, 1.477, 1.528
2091, 11, 18.22, 15.32, 11.41, 8.177, 9.577, 10.95, 11.68, 11.95
2091, 12, 7.689, 4.762, 0.9322, -2.261, 127.8, 124, 125.6, 134.8
2092, 1, 9.95, 7.136, 3.388, 0.05838, 109.3, 108.1, 113.1, 109.9
2092, 2, 11.16, 8.571, 4.909, 1.599, 144.8, 138.8, 148.3, 170.8
2092, 3, 12.97, 10.33, 6.774, 3.659, 18.23, 21.16, 22.88, 23.44
2092, 4, 16.26, 13.54, 9.891, 6.697, 43.08, 44.77, 48.27, 50.49
2092, 5, 22, 19.21, 15.62, 12.46, 16.33, 19.14, 22.86, 20.66
2092, 6, 29.17, 26.33, 22.59, 19.36, 1.237, 2.638, 3.382, 2.236
2092, 7, 31.17, 28.43, 24.76, 21.51, 0.8151, 2.179, 4.912, 7.261
2092, 8, 27.82, 25.18, 21.62, 18.51, 3.877, 6.23, 9.308, 13.41
2092, 9, 28.38, 25.56, 21.84, 18.49, 1.499, 2.165, 3.252, 4.8
2092, 10, 22.45, 19.64, 15.88, 12.57, 3.162, 4.175, 4.046, 2.958
2092, 11, 17.56, 14.73, 10.88, 7.606, 72.04, 63.74, 64.94, 69.7
2092, 12, 10.5, 7.656, 3.843, 0.6549, 345.8, 344.8, 357.4, 376.1
2093, 1, 12.31, 9.568, 5.928, 2.821, 272.6, 239.9, 240.7, 273.8
2093, 2, 12.26, 9.708, 6.103, 2.809, 254.7, 246, 244.9, 251.2
2093, 3, 11.58, 8.949, 5.41, 2.354, 222.6, 210.5, 215.9, 220.8
2093, 4, 14.71, 11.94, 8.341, 5.246, 50.76, 52.91, 55.24, 51.34
2093, 5, 18.1, 15.3, 11.66, 8.511, 60.53, 62.5, 67.82, 70.68
2093, 6, 24.87, 22.03, 18.31, 15.12, 23.29, 29.24, 33.62, 38.62
2093, 7, 32.66, 30.01, 26.38, 23.13, 3.268, 7.104, 12.88, 19.74
2093, 8, 29.37, 26.77, 23.17, 20.06, 4.96, 7.648, 12.63, 19.6
2093, 9, 24.5, 21.81, 18.17, 14.96, 43.12, 50.21, 56.13, 53.73
2093, 10, 20.46, 17.65, 13.93, 10.73, 18.12, 19.91, 20.58, 21.03
2093, 11, 13.53, 10.66, 6.855, 3.75, 15.94, 17.32, 17.26, 15.56
2093, 12, 15.44, 12.47, 8.494, 5.276, 43.45, 44.45, 46.86, 45.61
2094, 1, 11.31, 8.458, 4.793, 1.677, 206.8, 198, 199.2, 205.5
2094, 2, 11.55, 8.914, 5.221, 1.862, 188.3, 178.7, 181.4, 188.5
2094, 3, 14.5, 11.76, 8.235, 5.271, 74.95, 75.56, 77.08, 72.88
2094, 4, 14.84, 12.14, 8.494, 5.313, 58.29, 63.98, 67.11, 59.36
2094, 5, 24.73, 21.94, 18.3, 15.2, 0, 0.1591, 0.4518, 1.068
2094, 6, 25.36, 22.5, 18.74, 15.5, 4.738, 6.561, 8.24, 9.774
2094, 7, 31, 28.26, 24.61, 21.4, 1.868, 2.576, 4.057, 5.383
2094, 8, 30.94, 28.3, 24.65, 21.33, 0.7497, 3.266, 7.735, 15.59
2094, 9, 29.66, 26.86, 23.15, 19.85, 1.729, 3.116, 4.062, 4.595
2094, 10, 20.86, 18.08, 14.33, 11.07, 63.74, 58.35, 59.05, 59.82
2094, 11, 16.91, 14.03, 10.19, 6.963, 10.16, 9.997, 9.671, 8.911
2094, 12, 10.62, 7.735, 3.859, 0.644, 178.3, 179, 191.3, 214
2095, 1, 11.38, 8.563, 4.858, 1.681, 663.2, 654.5, 664.1, 674.4
2095, 2, 9.134, 6.518, 2.908, -0.3641, 367, 358.6, 351.6, 334.5
2095, 3, 15.02, 12.32, 8.711, 5.644, 102.7, 108.9, 114.4, 102.7
2095, 4, 15.51, 12.82, 9.267, 6.268, 37.91, 40.89, 43.16, 40.08
2095, 5, 19.84, 17.02, 13.38, 10.31, 14.48, 13.95, 14.81, 16.95
2095, 6, 27.49, 24.66, 20.91, 17.73, 0.2254, 0.271, 0.282, 0.3179
2095, 7, 31.31, 28.65, 25.01, 21.75, 4.342, 7.255, 11.97, 16.46
2095, 8, 29.08, 26.4, 22.78, 19.64, 2.898, 4.634, 6.964, 10.73
2095, 9, 29.99, 27.29, 23.63, 20.33, 1.082, 1.388, 1.916, 2.722
2095, 10, 24.57, 21.8, 18.09, 14.93, 15.35, 17.33, 18.69, 18.15
2095, 11, 14.47, 11.57, 7.687, 4.456, 141.3, 142.2, 145.1, 144.5
2095, 12, 12.45, 9.611, 5.831, 2.756, 181.3, 177.7, 185.8, 189.9
2096, 1, 9.63, 6.843, 3.17, -0.03495, 560.7, 544.7, 559.8, 599.3
2096, 2, 12.16, 9.589, 6.004, 2.754, 168.7, 167.5, 174.4, 170.7
2096, 3, 12.8, 10.1, 6.5, 3.443, 241.9, 230.7, 234.7, 240.4
2096, 4, 12.06, 9.363, 5.787, 2.713, 90.51, 101.1, 108.1, 98.03
2096, 5, 19.65, 16.86, 13.21, 10.06, 24.62, 23.17, 23.14, 24.87
2096, 6, 26.65, 23.83, 20.12, 17.02, 0.07023, 0.08511, 0.1956, 0.3879
2096, 7, 27.51, 24.69, 20.93, 17.59, 0.004218, 0.2062, 0.5429, 1.044
2096, 8, 32.44, 29.74, 26.13, 22.99, 4.247, 5.682, 8.456, 12.32
2096, 9, 28.05, 25.19, 21.42, 18.11, 21.62, 27.33, 34.48, 43.46
2096, 10, 24.95, 22.12, 18.38, 15.2, 0, 0, 0.0001501, 0.01527
2096, 11, 16.51, 13.73, 9.958, 6.749, 58.7, 58.49, 63.25, 66.98
2096, 12, 10.22, 7.305, 3.503, 0.3859, 322, 321, 332.2, 359.9
2097, 1, 10.85, 8.101, 4.486, 1.407, 91.13, 87.94, 94.06, 105.7
2097, 2, 9.287, 6.667, 2.969, -0.3448, 385.7, 372.3, 377.3, 381.2
2097, 3, 11.85, 9.074, 5.468, 2.414, 72.27, 71.69, 74.61, 66.64
2097, 4, 16.91, 14.2, 10.57, 7.424, 24.02, 23.7, 24.01, 25.04
2097, 5, 21.37, 18.61, 14.96, 11.76, 1.185, 1.847, 2.161, 2.132
2097, 6, 26.91, 24.13, 20.44, 17.28, 0.09463, 0.1913, 0.2272, 0.1229
2097, 7, 31.16, 28.51, 24.86, 21.59, 0.2218, 1.485, 4.098, 6.804
2097, 8, 30.51, 27.84, 24.22, 21, 10.59, 15.23, 22.59, 30.52
2097, 9, 27.18, 24.43, 20.71, 17.35, 3.314, 5.712, 6.098, 6.281
2097, 10, 23.43, 20.62, 16.85, 13.6, 6.584, 8.94, 9.827, 8.644
2097, 11, 16.36, 13.43, 9.555, 6.336, 8.184, 8.18, 8.298, 8.266
2097, 12, 9.482, 6.519, 2.646, -0.4704, 369.3, 352.7, 346.4, 356.2
2098, 1, 10.22, 7.4, 3.688, 0.4941, 693.4, 701, 733.4, 728.6
2098, 2, 9.566, 6.873, 3.203, -0.03262, 217.3, 197.5, 193, 197.9
2098, 3, 15.77, 13.13, 9.567, 6.539, 113.5, 119.7, 125.7, 114.3
2098, 4, 18.69, 16, 12.4, 9.376, 24.77, 27.43, 30.77, 28.14
2098, 5, 23.58, 20.85, 17.21, 14.01, 8.805, 8.54, 8.834, 10.77
2098, 6, 24.38, 21.5, 17.81, 14.83, 0.8142, 1.007, 1.144, 1.091
2098, 7, 28.81, 26.14, 22.51, 19.31, 2.696, 4.976, 9.26, 14.36
2098, 8, 30.23, 27.64, 24.06, 20.88, 0.1879, 1.034, 2.649, 6.146
2098, 9, 28.33, 25.54, 21.83, 18.52, 8.577, 10.21, 13.38, 19.82
2098, 10, 22.55, 19.84, 16.16, 12.93, 4.432, 4.937, 5.013, 4.866
2098, 11, 17.6, 14.74, 10.93, 7.761, 62.13, 57.63, 52.8, 50.38
2098, 12, 12.36, 9.363, 5.524, 2.538, 64.45, 66.65, 70.14, 63.86
2099, 1, 12.46, 9.735, 6.048, 2.943, 14.81, 15.93, 18.1, 20.51
2099, 2, 19.55, 17.08, 13.49, 10.3, 15.34, 14.49, 14.62, 15.03
2099, 3, 17.35, 14.68, 11.13, 8.113, 214.8, 208.6, 208.7, 209.7
2099, 4, 14.4, 11.67, 8.121, 5.11, 63.05, 61.78, 60.52, 53.9
2099, 5, 25.09, 22.38, 18.75, 15.61, 11.05, 13.82, 16.54, 20.73
2099, 6, 27.89, 25.07, 21.31, 18.02, 4.479, 6.233, 8.267, 10.03
2099, 7, 31.05, 28.47, 24.92, 21.96, 0.8312, 2.219, 4.214, 6.373
2099, 8, 29.99, 27.3, 23.68, 20.53, 4.906, 8.257, 13.12, 18.34
2099, 9, 23.52, 20.81, 17.21, 13.95, 1.372, 2.375, 4.05, 6.937
2099, 10, 23.15, 20.38, 16.65, 13.52, 1.814, 2.532, 2.765, 2.076
2099, 11, 14.95, 12.17, 8.43, 5.265, 116.7, 116, 115.5, 105.8
2099, 12, 13.72, 10.89, 7.152, 4.036, 260.6, 253.5, 258.4, 276.4
