# Created by WEAP: 4/20/2021 6:31:42 AM

# Climate time series data extracted from NetCDF file: \\VIRACOCHA\users\David\Downloads\monthly_GFDL-ESM2M_rcp85.nc
# Raster grid: 368 rows x 368 columns, (53 N, 125 W) - (30 N, 102 W), 0.062 degree resolution (approximately 7 km)
# Timespan: Monthly, January 2006 - December 2099 (1,128 data points)
# Variables extracted:
#      tavg: tasmax[C]
#      Prcp: pr[mm]

# WEAP Catchment: CO_NW_Upr Blue (91,639 ha)
# Climate grid intersected and averaged over each elevation band of catchment: 2000 - 3000 m (15,587 ha),  3000 - 4000 m (74,807 ha),  4000 - 5000 m (1,246 ha)

"$ListSeparator = ,"
"$DecimalSymbol = ."

$Columns = Year, Month, tavg[C]:Elevation 2000 to 3000 m, tavg[C]:Elevation 3000 to 4000 m, tavg[C]:Elevation 4000 to 5000 m, Prcp[mm]:Elevation 2000 to 3000 m, Prcp[mm]:Elevation 3000 to 4000 m, Prcp[mm]:Elevation 4000 to 5000 m

2006, 1, -12.76, -14.5, -15.42, 30.44, 49.33, 58.81
2006, 2, -3.706, -5.799, -6.802, 45.53, 69.25, 90.32
2006, 3, -1.816, -4.105, -5.526, 48.09, 69.84, 86.98
2006, 4, 1.538, -0.9162, -2.416, 31.32, 48.38, 59.24
2006, 5, 9.338, 6.663, 4.835, 34.03, 54.57, 63.73
2006, 6, 9.284, 7.026, 5.734, 37.53, 45.72, 54.55
2006, 7, 16.61, 14.31, 13.1, 48.76, 55.52, 65.39
2006, 8, 12.56, 10.17, 8.763, 61.68, 65.4, 72.76
2006, 9, 11.75, 9.65, 8.603, 2.961, 4.137, 5.141
2006, 10, 6.245, 4.006, 2.798, 34.78, 44.71, 49.18
2006, 11, -1.838, -4.235, -5.561, 53.55, 74.7, 82.29
2006, 12, -7.587, -9.753, -10.78, 45.57, 68.13, 80.98
2007, 1, -7.486, -9.417, -10.29, 20.46, 33.08, 39.42
2007, 2, -4.551, -6.724, -7.748, 32.71, 48.83, 58.18
2007, 3, -3.15, -5.677, -7.18, 66.03, 110.2, 147.5
2007, 4, -1.372, -3.863, -5.478, 76.42, 98.79, 121.4
2007, 5, 6.266, 3.732, 2.132, 30.93, 48.69, 62.87
2007, 6, 10.19, 7.736, 6.244, 77.35, 82.34, 88.6
2007, 7, 13.7, 11.29, 9.944, 155.9, 169.3, 164.4
2007, 8, 12.84, 10.6, 9.296, 68.8, 81.65, 89.21
2007, 9, 8.825, 6.484, 5.141, 16.76, 21.78, 22.59
2007, 10, 5.008, 2.387, 0.891, 45.84, 53.15, 53.74
2007, 11, -2.907, -5.443, -6.848, 62.43, 86.53, 98.89
2007, 12, -9.836, -11.91, -12.84, 37.07, 59.17, 70.97
2008, 1, -8.079, -10.03, -10.92, 20.33, 31.98, 41.13
2008, 2, -5.48, -7.316, -8.137, 30.73, 39.36, 38.71
2008, 3, 0.07795, -1.994, -3.146, 6.864, 11.76, 16.1
2008, 4, 3.322, 0.9992, -0.4108, 39.66, 56.73, 67.05
2008, 5, 8.712, 5.936, 4.059, 31.7, 48.73, 58.44
2008, 6, 11.84, 9.661, 8.49, 37.37, 34.25, 31.25
2008, 7, 14.18, 11.9, 10.62, 34.05, 40.92, 43.1
2008, 8, 13.28, 11.16, 10.07, 38.32, 46.6, 50.71
2008, 9, 8.386, 6.128, 4.862, 28.82, 35.28, 40.07
2008, 10, 3.462, 1.03, -0.3354, 33.35, 35.63, 35.16
2008, 11, -2.285, -4.745, -6.104, 57.21, 81.7, 94.59
2008, 12, -8.97, -11.13, -12.27, 41, 65.76, 82.74
2009, 1, -10.24, -12.26, -13.33, 51.9, 66.56, 74.17
2009, 2, -5.444, -7.518, -8.55, 35.13, 45.67, 51.11
2009, 3, -1.939, -4.056, -5.272, 22.2, 36.97, 47.7
2009, 4, -0.9128, -3.383, -4.817, 82.42, 116.7, 141.8
2009, 5, 9.538, 7.008, 5.397, 10.72, 14.85, 18.22
2009, 6, 11.78, 9.629, 8.487, 11.98, 16.24, 18.67
2009, 7, 17.13, 14.97, 13.92, 16.58, 22.12, 24.96
2009, 8, 16.75, 14.71, 13.76, 17.32, 23.02, 24.63
2009, 9, 9.987, 7.766, 6.522, 9.432, 14.59, 19.04
2009, 10, 6.15, 4.013, 2.953, 12.09, 21.69, 28.96
2009, 11, -4.738, -6.921, -7.943, 22.89, 34.55, 44.49
2009, 12, -7.703, -9.675, -10.59, 59.1, 82.95, 95.48
2010, 1, -10.1, -12.12, -13.05, 48.17, 73.44, 96.1
2010, 2, -9.398, -11.38, -12.28, 44.08, 62.09, 74.03
2010, 3, -5.828, -8.043, -9.263, 30.31, 43.8, 52.26
2010, 4, 1.739, -0.6966, -2.26, 48.61, 74.65, 90.01
2010, 5, 7.966, 5.287, 3.522, 43.84, 64.76, 75.46
2010, 6, 10.9, 8.283, 6.657, 37.76, 36.36, 33.98
2010, 7, 16.43, 14.1, 12.82, 66.3, 62.75, 58.5
2010, 8, 12.15, 9.796, 8.392, 63.5, 78.2, 81.21
2010, 9, 9.201, 6.578, 5.002, 48.93, 63.64, 70.8
2010, 10, 4.461, 1.83, 0.1612, 27.11, 33.21, 37
2010, 11, -5.468, -7.677, -8.742, 31.31, 52.79, 62.32
2010, 12, -10.41, -12.32, -13.15, 23.67, 33.61, 37.73
2011, 1, -9.557, -11.66, -12.7, 32.99, 47.91, 56.95
2011, 2, -2.95, -5.376, -6.739, 33.87, 51.71, 65.52
2011, 3, -1.726, -3.952, -5.276, 27, 38.86, 45.76
2011, 4, 0.351, -2.223, -3.873, 84.25, 111.5, 130.1
2011, 5, 9.224, 6.692, 5.068, 37.37, 46.5, 47.65
2011, 6, 11.57, 9.446, 8.34, 20.96, 29.25, 36.02
2011, 7, 14.98, 12.72, 11.52, 70.76, 73.41, 68.86
2011, 8, 12.9, 10.49, 9.033, 73.44, 81.02, 82.95
2011, 9, 7.677, 5.238, 3.787, 26.69, 36.96, 45.63
2011, 10, 5.19, 2.857, 1.611, 8.128, 10.56, 10.8
2011, 11, -2.051, -4.555, -5.972, 38.13, 59.57, 70.98
2011, 12, -3.61, -5.793, -6.806, 16.04, 24, 30.56
2012, 1, -8.733, -10.61, -11.34, 43.08, 65.18, 81.75
2012, 2, -5.98, -7.997, -8.976, 83.5, 134.4, 173.3
2012, 3, -5.217, -7.351, -8.469, 51.57, 84.69, 105.8
2012, 4, 6.277, 3.931, 2.417, 1.681, 3.854, 5.498
2012, 5, 7.491, 4.783, 2.934, 44.69, 59.23, 71.71
2012, 6, 11.31, 9.127, 7.914, 55.93, 57.17, 56.32
2012, 7, 14.08, 11.74, 10.36, 83.5, 101.3, 109
2012, 8, 11.59, 9.626, 8.572, 50.74, 61.46, 71.86
2012, 9, 10.07, 7.776, 6.456, 53.04, 62.68, 64.35
2012, 10, 2.618, 0.4919, -0.5815, 27.6, 37.6, 42.37
2012, 11, -1.142, -3.714, -5.116, 42.42, 57.67, 65.24
2012, 12, -8.895, -11.11, -12.13, 25.25, 37.39, 44.18
2013, 1, -10.13, -11.95, -12.69, 46.94, 63.08, 69.68
2013, 2, -5.021, -7, -8.054, 30.83, 45.13, 52.77
2013, 3, -5.011, -7.14, -8.437, 26.04, 35.62, 42.91
2013, 4, 3.661, 1.222, -0.3553, 22.03, 33.05, 40.12
2013, 5, 6.765, 4.215, 2.532, 35.64, 49.9, 60.53
2013, 6, 12.98, 10.67, 9.405, 9.87, 14.07, 17.39
2013, 7, 16.86, 14.68, 13.57, 16.07, 20.96, 24.64
2013, 8, 14.63, 12.41, 11.16, 43.41, 50.35, 50.71
2013, 9, 10.11, 7.934, 6.75, 27.8, 32.2, 35.88
2013, 10, 4.302, 1.723, 0.1987, 33.55, 47.45, 57.08
2013, 11, -2.568, -4.964, -6.263, 28.94, 43.25, 52.74
2013, 12, -9.224, -11.49, -12.49, 37.25, 52.07, 59.54
2014, 1, -10.43, -12.36, -13.17, 40.11, 56.83, 67.84
2014, 2, -8.025, -9.666, -10.19, 27.65, 41.66, 45.65
2014, 3, -2.863, -5.34, -6.877, 54.84, 80.87, 103.4
2014, 4, 2.354, -0.2015, -1.731, 54.07, 79.34, 95.22
2014, 5, 6.532, 3.99, 2.313, 55.77, 70.41, 80.83
2014, 6, 11.66, 9.197, 7.69, 24.25, 26.48, 27.05
2014, 7, 14.92, 12.61, 11.37, 47.31, 54.46, 50.3
2014, 8, 13.87, 11.58, 10.33, 70.44, 82.39, 82.01
2014, 9, 10.48, 8.555, 7.615, 3.956, 4.274, 4.593
2014, 10, 3.989, 1.527, 0.09777, 48.87, 71.42, 89.45
2014, 11, -3.942, -6.654, -8.236, 58.84, 83.54, 99.88
2014, 12, -6.48, -8.314, -9.041, 25.34, 39.66, 45.97
2015, 1, -6.069, -7.947, -8.639, 41.84, 58.97, 63.15
2015, 2, -6.414, -8.287, -9.196, 34.64, 55.29, 71.8
2015, 3, -2.945, -5.123, -6.395, 68.07, 99.69, 108.5
2015, 4, -0.9131, -3.495, -4.964, 145.5, 221.5, 264.5
2015, 5, 5.478, 2.741, 0.8556, 83.96, 106.7, 122.9
2015, 6, 8.319, 5.919, 4.406, 73.4, 78.73, 81.09
2015, 7, 13.11, 10.83, 9.499, 27.38, 35.19, 44.5
2015, 8, 12.5, 10.21, 8.872, 87.26, 99.51, 95.37
2015, 9, 9.627, 7.178, 5.736, 43.58, 50.44, 58.06
2015, 10, 3.356, 1.265, 0.1621, 6.873, 7.971, 9.43
2015, 11, -0.07398, -2.499, -3.776, 19.26, 23.96, 28.09
2015, 12, -5.606, -8.004, -9.246, 48.71, 69.45, 78.91
2016, 1, -7.448, -9.265, -10.04, 17.55, 28.66, 38.21
2016, 2, -7.939, -9.977, -11, 44.68, 64, 79.72
2016, 3, -5.653, -7.875, -9.155, 52.7, 74.21, 86.93
2016, 4, 0.734, -1.56, -2.98, 23.82, 41.75, 58.65
2016, 5, 9.217, 7.024, 5.684, 0.3111, 0.8255, 1.341
2016, 6, 13.15, 10.93, 9.73, 17.32, 22.61, 27.66
2016, 7, 13.87, 11.7, 10.58, 24.31, 31.76, 36.53
2016, 8, 15.17, 13.01, 11.84, 19.71, 26.44, 32.14
2016, 9, 10.24, 8.016, 6.819, 6.162, 5.039, 4.59
2016, 10, 8.104, 5.821, 4.558, 15.98, 24.22, 31.37
2016, 11, -2.729, -4.86, -5.91, 25.79, 35.52, 38.49
2016, 12, -8.983, -11.32, -12.49, 91.63, 129.5, 145.4
2017, 1, -8.864, -11.01, -12.08, 32.63, 52.8, 69.75
2017, 2, -6.821, -8.56, -9.338, 26.62, 34.25, 36.16
2017, 3, -5.909, -8.186, -9.493, 80.17, 123.8, 154.8
2017, 4, -2.011, -4.192, -5.525, 50.59, 79.48, 98.97
2017, 5, 6.138, 3.584, 1.858, 41.25, 50.12, 62.1
2017, 6, 12.14, 9.885, 8.663, 48.98, 57.15, 66.6
2017, 7, 15.15, 12.87, 11.64, 77.61, 91.25, 90.19
2017, 8, 12.68, 10.26, 8.82, 81.84, 92.43, 94.77
2017, 9, 10.45, 8.233, 7.021, 44.29, 51.99, 51.85
2017, 10, 3.237, 0.931, -0.2985, 37.77, 46.8, 50.38
2017, 11, -4.082, -6.849, -8.518, 40.05, 64.14, 77.44
2017, 12, -4.04, -6.263, -7.336, 34.31, 54.77, 75.23
2018, 1, -8.232, -10.22, -11.08, 40.27, 61.47, 74.51
2018, 2, -10.12, -11.7, -12.37, 19.5, 31.12, 40.85
2018, 3, -5.708, -7.897, -9.119, 52.01, 76.38, 93.26
2018, 4, -0.4231, -2.625, -3.991, 22.75, 29.94, 34.2
2018, 5, 9.7, 7.286, 5.688, 25.13, 33.73, 40.78
2018, 6, 8.331, 5.894, 4.494, 48.86, 64.45, 81.35
2018, 7, 15.88, 13.77, 12.74, 16.16, 20.92, 22.92
2018, 8, 14.04, 11.85, 10.65, 20.58, 26.01, 31.42
2018, 9, 11.95, 9.771, 8.567, 22.77, 27.37, 31.14
2018, 10, 5.602, 3.222, 1.936, 50.08, 59.65, 63.32
2018, 11, -4.171, -6.366, -7.396, 27.58, 34.77, 35.83
2018, 12, -5.343, -7.378, -8.268, 35.09, 49.8, 56.75
2019, 1, -7.255, -9.562, -10.83, 55.5, 77.14, 82.19
2019, 2, -6.947, -8.72, -9.558, 24.49, 36.17, 42.79
2019, 3, -3.165, -5.152, -6.226, 35.3, 52.51, 66.51
2019, 4, 3.707, 1.417, -0.0183, 2.536, 4.564, 7.114
2019, 5, 9.208, 6.706, 5.144, 7.995, 14.94, 22.21
2019, 6, 10.3, 8.067, 6.781, 53.88, 61.32, 67.19
2019, 7, 16.4, 14.24, 13.14, 29.84, 33.69, 35.52
2019, 8, 14.59, 12.22, 10.95, 28.09, 37.38, 38.95
2019, 9, 8.488, 6.312, 5.105, 24.64, 28.33, 26.99
2019, 10, 3.994, 1.659, 0.3474, 40.14, 57.43, 67.68
2019, 11, -2.706, -5.033, -6.232, 26.93, 40.72, 48.71
2019, 12, -11.77, -13.87, -14.82, 53.11, 82.09, 98.22
2020, 1, -7.624, -9.622, -10.5, 20.5, 32.91, 39.86
2020, 2, -7.974, -9.774, -10.56, 37.14, 51.49, 61.81
2020, 3, -4.443, -6.642, -7.827, 24.56, 38.29, 50.59
2020, 4, 2.687, 0.4038, -0.9355, 51.32, 72.8, 92.05
2020, 5, 7.175, 4.532, 2.803, 95.98, 118, 140
2020, 6, 11.41, 9.211, 7.974, 30.29, 34.24, 39.87
2020, 7, 14.63, 12.46, 11.3, 46.2, 56.02, 56.98
2020, 8, 14.59, 12.47, 11.32, 41.42, 48.22, 51.22
2020, 9, 10.33, 8.194, 6.976, 27.81, 31.81, 33.88
2020, 10, 3.51, 1.085, -0.3371, 47, 61.3, 68.43
2020, 11, -2.85, -5.198, -6.36, 62.15, 87.65, 98.29
2020, 12, -10.74, -12.97, -14.09, 33.15, 52.9, 62.47
2021, 1, -8.209, -10.21, -11.18, 34.64, 52.18, 63.36
2021, 2, -7.19, -8.83, -9.583, 28.49, 41.14, 47.12
2021, 3, -3.322, -5.431, -6.665, 28.38, 41.64, 57.83
2021, 4, 2.22, -0.2318, -1.688, 73.61, 100.8, 113
2021, 5, 6.24, 3.426, 1.602, 68, 98.71, 120.5
2021, 6, 11.96, 9.686, 8.393, 40.05, 48.09, 51.19
2021, 7, 15.38, 12.97, 11.66, 52.91, 58.82, 57.69
2021, 8, 11.23, 9.162, 8.028, 86.07, 93.58, 95.42
2021, 9, 11.16, 8.835, 7.511, 32.39, 42.38, 49.59
2021, 10, 4.532, 2.246, 1.002, 21.15, 27.16, 30.17
2021, 11, 0.7254, -1.627, -2.873, 45.85, 61.99, 72.17
2021, 12, -7.09, -9.336, -10.49, 65.07, 96.18, 112.9
2022, 1, -9.039, -10.91, -11.77, 39.35, 56.92, 67.4
2022, 2, -6.556, -8.532, -9.493, 32.6, 54.78, 67.95
2022, 3, -2.241, -4.437, -5.743, 47.29, 58.8, 68.06
2022, 4, 1.038, -1.449, -2.937, 28.2, 44.77, 63.26
2022, 5, 5.737, 3.188, 1.578, 74.55, 107.6, 124
2022, 6, 7.965, 5.528, 4.06, 39.96, 58.04, 73.02
2022, 7, 12.67, 10.4, 9.144, 18.45, 22.04, 21.62
2022, 8, 13.15, 10.92, 9.638, 59.34, 68.48, 72.76
2022, 9, 11.84, 9.73, 8.578, 0.9968, 2.104, 3.369
2022, 10, 4.789, 2.71, 1.675, 15.25, 18.17, 17.9
2022, 11, 0.4292, -1.761, -2.744, 25.8, 33.11, 38.2
2022, 12, -4.776, -7.122, -8.248, 51.17, 72.56, 81.35
2023, 1, -5.087, -7.152, -8.234, 97.76, 131.1, 151.1
2023, 2, -2.006, -4.165, -5.384, 23.76, 33.87, 36.2
2023, 3, -2.19, -4.481, -5.852, 56.78, 82.02, 101.1
2023, 4, 3.23, 1.135, -0.02503, 39.11, 57.97, 70.29
2023, 5, 6.07, 3.43, 1.663, 26.06, 38.43, 50.02
2023, 6, 13.5, 11.34, 10.24, 55.14, 56.75, 53.59
2023, 7, 13.65, 11.38, 10.09, 88.56, 107.1, 112.8
2023, 8, 13.43, 11.14, 9.828, 67.43, 80.15, 82.3
2023, 9, 8.046, 5.883, 4.689, 51.71, 65.9, 73.17
2023, 10, 5.872, 3.624, 2.433, 27.99, 34.32, 33.3
2023, 11, -1.47, -4.062, -5.568, 63.21, 85.07, 94.81
2023, 12, -7.926, -10.11, -11.07, 63.53, 94.96, 111.5
2024, 1, -4.544, -6.507, -7.336, 61.8, 81.96, 91.95
2024, 2, -4.669, -6.858, -8.058, 41.77, 60.38, 71.54
2024, 3, -2.384, -4.554, -5.771, 45.94, 71.47, 89.57
2024, 4, -0.443, -2.915, -4.504, 70.17, 94.72, 114
2024, 5, 8.484, 5.994, 4.42, 16.97, 21.96, 25.61
2024, 6, 10.42, 8.234, 7.002, 48.97, 55.27, 63.5
2024, 7, 14.44, 12.14, 10.84, 42.04, 52.68, 55.15
2024, 8, 14.7, 12.6, 11.49, 22.28, 28.81, 30.93
2024, 9, 12.87, 10.65, 9.411, 40.96, 53.02, 62.16
2024, 10, 1.9, -0.4098, -1.679, 32.9, 47.27, 53.25
2024, 11, -2.003, -4.494, -5.884, 54.57, 80.29, 90.91
2024, 12, -6.143, -8.174, -9.201, 39, 60.53, 76.88
2025, 1, -7.659, -9.949, -11, 56.51, 89.94, 111.3
2025, 2, -5.449, -7.286, -8.174, 54.92, 72.73, 80.26
2025, 3, -3.657, -5.996, -7.519, 60.36, 84.66, 95.74
2025, 4, 1.301, -1.292, -2.862, 72.73, 100.2, 115.6
2025, 5, 7.601, 5.082, 3.44, 46.04, 71.9, 85.16
2025, 6, 12.6, 10.19, 8.808, 24.71, 27.73, 30.59
2025, 7, 14.68, 12.37, 11.13, 71.56, 80.78, 79.79
2025, 8, 13.77, 11.4, 9.992, 95.13, 123, 131.6
2025, 9, 10.65, 8.466, 7.261, 17.15, 22.84, 27.15
2025, 10, 6.208, 3.982, 2.836, 27.22, 32.8, 34.39
2025, 11, -2.086, -4.909, -6.594, 95.1, 151.9, 181.4
2025, 12, -6.829, -9.254, -10.58, 38.82, 55.46, 67.34
2026, 1, -7.514, -9.636, -10.68, 45.15, 61.34, 73.34
2026, 2, -9.459, -11.14, -11.87, 34.05, 51.86, 62.6
2026, 3, -6.257, -8.387, -9.713, 35.95, 56.66, 70.68
2026, 4, -1.234, -3.597, -5.028, 30.38, 40.44, 51.9
2026, 5, 6.122, 3.539, 1.934, 53.04, 63.1, 70.98
2026, 6, 9.633, 7.373, 6.102, 79.36, 85.59, 86.65
2026, 7, 14.14, 12.02, 10.9, 44.46, 52.57, 54.42
2026, 8, 13.64, 11.44, 10.24, 18.94, 27.84, 32.08
2026, 9, 11.48, 9.394, 8.264, 31.15, 42.29, 50.06
2026, 10, 5.127, 2.571, 1.044, 62.43, 89.71, 103.1
2026, 11, -2.97, -5.473, -6.799, 39.23, 50.1, 50.95
2026, 12, -3.287, -5.621, -6.78, 55.45, 79.3, 92.32
2027, 1, -8.294, -10.46, -11.59, 40.15, 63.83, 80.18
2027, 2, -6.534, -8.665, -9.746, 40.71, 60.15, 69.88
2027, 3, -1.891, -4.227, -5.688, 28.63, 43.43, 53.38
2027, 4, 2.283, -0.02306, -1.517, 61.48, 88.71, 102.1
2027, 5, 8.543, 5.979, 4.258, 12.27, 21.68, 28.48
2027, 6, 13.26, 11.04, 9.772, 42.11, 41.77, 40.73
2027, 7, 16.13, 13.86, 12.62, 133.6, 141, 145
2027, 8, 14.49, 12.19, 10.92, 75.15, 89.99, 93.45
2027, 9, 10.2, 7.776, 6.36, 26.42, 30.76, 31.31
2027, 10, 5.821, 3.225, 1.711, 67.11, 82.46, 83.74
2027, 11, -1.225, -3.452, -4.556, 50.13, 63.82, 65.19
2027, 12, -7.661, -9.973, -11.12, 55.07, 72.79, 78.45
2028, 1, -7.794, -9.485, -10.1, 23.84, 37.26, 48.72
2028, 2, -4.032, -5.93, -6.792, 41.59, 64.8, 79.85
2028, 3, -5.854, -8.085, -9.385, 98.6, 132.5, 147.5
2028, 4, 1.848, -0.4583, -1.788, 54.02, 79.89, 97.88
2028, 5, 7.655, 5.12, 3.46, 53.18, 62.59, 65.43
2028, 6, 11.9, 9.652, 8.334, 28.35, 32.38, 35.69
2028, 7, 14.15, 11.95, 10.69, 64.74, 75.02, 80.46
2028, 8, 15.66, 13.68, 12.67, 19.05, 21.3, 21.37
2028, 9, 9.673, 7.373, 5.996, 24.61, 30.44, 34.81
2028, 10, 7.179, 4.823, 3.465, 50.62, 70.17, 83.27
2028, 11, -2.646, -4.913, -6.025, 13.14, 23.13, 31.22
2028, 12, -7.111, -9.139, -10.11, 52.36, 73.72, 86.54
2029, 1, -6.91, -8.98, -9.912, 38.79, 58.68, 70.71
2029, 2, -8.107, -10.05, -10.94, 35.59, 46.48, 51.76
2029, 3, -2.638, -4.674, -5.855, 28.67, 46.51, 61.74
2029, 4, 1.991, -0.3108, -1.608, 66.88, 97.09, 125
2029, 5, 7.873, 5.316, 3.64, 46.93, 75.15, 89.83
2029, 6, 11.61, 9.349, 8.186, 64.1, 63.73, 61.47
2029, 7, 14.63, 12.45, 11.36, 19.83, 26.55, 30.83
2029, 8, 13.91, 11.65, 10.45, 70.25, 83.52, 87.16
2029, 9, 9.542, 7.43, 6.312, 45.04, 55.64, 61.42
2029, 10, 3.407, 0.889, -0.6392, 15.18, 23.91, 31.18
2029, 11, -3.975, -6.063, -6.995, 50.77, 80.14, 99.59
2029, 12, -7.954, -9.814, -10.6, 6.719, 12.3, 16.21
2030, 1, -7.771, -9.631, -10.37, 27.37, 36.57, 40.73
2030, 2, -8.173, -9.43, -9.761, 30.43, 45.45, 55.71
2030, 3, -0.7102, -2.73, -3.897, 31.96, 51.64, 69.9
2030, 4, 2.989, 0.8202, -0.4438, 81.78, 104.8, 114.4
2030, 5, 9.923, 7.57, 6.106, 6.529, 10.82, 13.82
2030, 6, 13.37, 11.26, 10.15, 13.11, 20.65, 25.34
2030, 7, 14, 11.78, 10.6, 81.08, 82.72, 82.59
2030, 8, 13.66, 11.37, 10.08, 60.35, 67.06, 65.18
2030, 9, 8.767, 6.49, 5.191, 21.7, 29.39, 34.9
2030, 10, 4.511, 2.338, 1.179, 13.42, 20.86, 26.96
2030, 11, -1.736, -3.991, -4.947, 38.55, 47.36, 49.85
2030, 12, -3.786, -6.125, -7.298, 15.14, 23.25, 29.67
2031, 1, -10.19, -12.64, -13.96, 56.88, 78.01, 92.38
2031, 2, -2.362, -3.769, -4.205, 15.52, 23.08, 28.03
2031, 3, -2.742, -4.726, -5.796, 37.21, 56.36, 72.5
2031, 4, 5.316, 3.075, 1.796, 13.62, 14.88, 15.98
2031, 5, 7.802, 5.135, 3.323, 47.49, 71.77, 87.78
2031, 6, 12.12, 10.06, 8.973, 29.44, 32.38, 33.72
2031, 7, 14.64, 12.44, 11.35, 56.01, 68.06, 72.31
2031, 8, 14.12, 11.79, 10.42, 93.87, 96.41, 89.87
2031, 9, 11.03, 8.735, 7.443, 17.65, 21.97, 26.4
2031, 10, 4.829, 2.38, 0.909, 35.69, 45.58, 49.72
2031, 11, -3.978, -6.154, -7.089, 63.68, 91.4, 101.2
2031, 12, -11.67, -13.58, -14.34, 22.03, 35.79, 43.21
2032, 1, -8.049, -9.991, -10.78, 21.01, 33.91, 39.9
2032, 2, -9.136, -11.15, -12.14, 39.84, 56.25, 61.92
2032, 3, -4.217, -6.286, -7.474, 47.01, 74.23, 88.06
2032, 4, -0.249, -2.522, -4.005, 90.39, 122.2, 143.5
2032, 5, 9.264, 6.727, 5.062, 34.95, 49.62, 56.25
2032, 6, 8.343, 5.985, 4.54, 46.35, 58.2, 66.76
2032, 7, 14.58, 12.28, 11.07, 55.44, 54.16, 52.38
2032, 8, 15.02, 12.9, 11.76, 20.54, 26.64, 31.88
2032, 9, 10.01, 7.795, 6.577, 29.12, 32.81, 34.45
2032, 10, 6.862, 4.463, 3.149, 30.36, 35.49, 37.43
2032, 11, 0.8994, -1.403, -2.523, 31.94, 38.79, 41.55
2032, 12, -3.229, -5.275, -6.055, 43.81, 64.13, 75.63
2033, 1, -7.663, -9.412, -10.05, 42.68, 63.02, 73.4
2033, 2, -2.502, -4.649, -5.698, 43.86, 55.35, 57.15
2033, 3, -3.413, -5.814, -7.327, 51.7, 76.14, 87.99
2033, 4, 2.063, -0.09065, -1.37, 53.7, 89.55, 116.1
2033, 5, 8.324, 5.738, 4.048, 42.03, 50.14, 53.72
2033, 6, 10.42, 8.127, 6.848, 91.74, 92.37, 93.59
2033, 7, 15.91, 13.64, 12.37, 38.59, 50.16, 55.51
2033, 8, 14.5, 12.34, 11.28, 61.58, 68.32, 66.31
2033, 9, 8.966, 6.364, 4.81, 79.02, 110.9, 128.3
2033, 10, 3.181, 0.5452, -1.086, 40.22, 56.78, 64.76
2033, 11, -6.415, -8.885, -10.05, 51.94, 72.61, 79.58
2033, 12, -10.25, -12.15, -12.88, 17.33, 30.18, 42.54
2034, 1, -7.904, -10.11, -11.21, 31.34, 46.36, 54.76
2034, 2, -6.264, -7.869, -8.477, 15.55, 23.7, 25.79
2034, 3, -3.133, -5.503, -6.988, 31.97, 45.68, 55
2034, 4, 3.162, 1.153, 0.003881, 22.56, 30.8, 36.99
2034, 5, 9.409, 7.012, 5.419, 16.7, 26.04, 31.45
2034, 6, 13.37, 11.26, 10.15, 23.43, 33.55, 43.87
2034, 7, 16.65, 14.71, 13.79, 8.211, 11.21, 12.03
2034, 8, 15.85, 13.64, 12.47, 49.99, 60.6, 67.4
2034, 9, 9.656, 7.137, 5.676, 39.23, 44.61, 46.47
2034, 10, 3.583, 1.361, 0.2045, 20.21, 23.02, 26.7
2034, 11, -2.869, -5.247, -6.551, 27.52, 47.84, 58.67
2034, 12, -8.731, -10.37, -10.96, 30.28, 44.36, 51.45
2035, 1, -6.516, -8.636, -9.511, 48.09, 60.62, 67.08
2035, 2, -5.504, -7.365, -8.183, 54.57, 69.93, 74.58
2035, 3, -0.6249, -2.88, -4.203, 37.94, 63.87, 80.37
2035, 4, 1.569, -0.5399, -1.817, 52.25, 74.52, 97.47
2035, 5, 9.885, 7.386, 5.673, 18.12, 23.83, 25.3
2035, 6, 11.26, 9.004, 7.723, 41.72, 49.03, 55.27
2035, 7, 13.67, 11.42, 10.26, 47.38, 60.2, 68.89
2035, 8, 14.89, 12.6, 11.33, 39.09, 43.22, 47.83
2035, 9, 12.04, 9.545, 8.127, 33.35, 41.48, 46.45
2035, 10, 8.431, 6.031, 4.728, 28.47, 36.39, 36.01
2035, 11, -3.596, -5.987, -7.152, 47.33, 72.05, 83.67
2035, 12, -6.269, -8.227, -8.866, 5.749, 10.5, 15.06
2036, 1, -10.04, -11.92, -12.66, 55.59, 76.14, 85.18
2036, 2, -9.236, -11.08, -12.03, 20.49, 28.05, 29.33
2036, 3, -6.703, -8.892, -10.13, 55.39, 83.36, 106.4
2036, 4, -0.03732, -2.259, -3.581, 22.03, 32.24, 40.95
2036, 5, 7.08, 4.589, 3.062, 40.95, 63.31, 84.56
2036, 6, 9.27, 7.082, 5.831, 83.93, 91.21, 92.52
2036, 7, 13.9, 11.52, 10.23, 23.98, 31.01, 34.88
2036, 8, 14.61, 12.27, 10.99, 44.93, 53.71, 58.77
2036, 9, 12.3, 10.1, 8.859, 13.09, 13.56, 14.58
2036, 10, 4.52, 1.948, 0.3639, 44.52, 50.98, 54.89
2036, 11, 0.9419, -1.141, -2.053, 21.98, 33.43, 44.09
2036, 12, -9.273, -11.33, -12.31, 42.92, 66.04, 77.8
2037, 1, -5.032, -7.207, -8.157, 27.26, 39.92, 50.48
2037, 2, -5.353, -7.361, -8.245, 90.16, 116.1, 132.3
2037, 3, -5.074, -7.29, -8.566, 35.68, 56.63, 71.15
2037, 4, 1.838, -0.3417, -1.652, 43.55, 63.68, 75.84
2037, 5, 9.85, 7.502, 5.983, 27.6, 38.3, 42.59
2037, 6, 11.79, 9.607, 8.328, 55.81, 66.18, 75.86
2037, 7, 15.01, 12.58, 11.14, 80.42, 92.66, 95.27
2037, 8, 13.13, 10.86, 9.599, 52.98, 60.58, 66.18
2037, 9, 8.368, 6.062, 4.684, 33.41, 37.36, 38.22
2037, 10, 7.477, 5.343, 4.263, 7.636, 8.806, 7.577
2037, 11, -0.7188, -2.874, -3.833, 49.92, 81.19, 94.35
2037, 12, -5.331, -7.518, -8.547, 66.85, 87.28, 100.8
2038, 1, -5.697, -7.861, -8.814, 47.71, 69.4, 89.03
2038, 2, -9.467, -11.19, -12.02, 32.7, 50.8, 65.46
2038, 3, -0.5896, -2.845, -4.133, 69.31, 97.27, 124.5
2038, 4, 1.529, -1.018, -2.608, 84.28, 123, 146.7
2038, 5, 8.651, 6.4, 4.973, 9.254, 16.3, 20.76
2038, 6, 12.09, 9.852, 8.596, 31.91, 37.63, 38.82
2038, 7, 15.16, 12.83, 11.52, 81.07, 97.08, 108.4
2038, 8, 14.13, 11.76, 10.4, 100.9, 116.4, 115.4
2038, 9, 9.774, 7.243, 5.751, 47.64, 49.74, 49.73
2038, 10, 5.172, 2.787, 1.469, 16.65, 22.88, 25.37
2038, 11, -1.117, -3.522, -4.747, 43.72, 59.51, 71.79
2038, 12, -7.071, -9.119, -9.987, 48.6, 62.88, 67.45
2039, 1, -7.785, -9.904, -10.87, 55.86, 74.93, 82.91
2039, 2, -9.539, -11.35, -12.21, 55.43, 75.99, 89.37
2039, 3, -2.197, -4.253, -5.418, 24.86, 35.38, 39.12
2039, 4, -0.07587, -2.352, -3.725, 72.61, 117.5, 153.2
2039, 5, 7.138, 4.696, 3.088, 35.92, 48.78, 54.92
2039, 6, 12.59, 10.52, 9.466, 23.69, 24.42, 26.84
2039, 7, 14.37, 12.21, 11.08, 33.11, 41.37, 47.52
2039, 8, 15.26, 13.18, 12.14, 97.48, 109.8, 111.1
2039, 9, 10.01, 7.646, 6.286, 44.89, 53.13, 58.4
2039, 10, 4.775, 2.431, 1.128, 23.92, 30.83, 35.68
2039, 11, -3.129, -5.259, -6.238, 35.87, 56.29, 67.36
2039, 12, -5.601, -7.788, -8.818, 57.53, 78.69, 87.9
2040, 1, -7.101, -9.289, -10.42, 60.86, 87.03, 96.14
2040, 2, -3.533, -5.6, -6.712, 64.1, 83.57, 90.82
2040, 3, -3.19, -5.285, -6.549, 54.61, 73.96, 89.99
2040, 4, 2.927, 0.6608, -0.7023, 48.57, 73.48, 102
2040, 5, 7.285, 4.86, 3.327, 21.14, 36.7, 47.77
2040, 6, 13.45, 11.27, 10.07, 41.07, 43.24, 43.21
2040, 7, 14.41, 12.28, 11.25, 42.55, 49.76, 51.42
2040, 8, 16.93, 14.95, 13.86, 36.91, 42.59, 41.58
2040, 9, 12.29, 10.17, 9.042, 5.76, 8.358, 11.88
2040, 10, 7.081, 4.697, 3.378, 23.33, 30.68, 37.36
2040, 11, -2.912, -5.388, -6.777, 68.12, 114.1, 138.9
2040, 12, -13.54, -15.43, -16.18, 13.06, 21.31, 26.01
2041, 1, -10.24, -11.86, -12.31, 26.31, 38.73, 49.28
2041, 2, -3.307, -5.217, -6.027, 18.68, 22.91, 22.11
2041, 3, -4.218, -6.336, -7.585, 72.66, 111.1, 132.1
2041, 4, 2.894, 0.3417, -1.244, 39.21, 59.47, 70.35
2041, 5, 8.971, 6.497, 4.951, 44.76, 64.04, 80.07
2041, 6, 8.619, 6.5, 5.251, 45.97, 60.79, 78.27
2041, 7, 15.39, 13.35, 12.36, 22.29, 27.34, 28.41
2041, 8, 13.83, 11.7, 10.55, 109.2, 120.6, 118.1
2041, 9, 9.371, 6.828, 5.265, 43.7, 56.13, 59.89
2041, 10, 4.985, 2.487, 1.104, 26.66, 33.99, 36.35
2041, 11, -3.674, -5.438, -6.087, 14.92, 24.8, 28.55
2041, 12, -6.275, -8.024, -8.59, 37.77, 52.53, 56.49
2042, 1, -4.337, -6.422, -7.253, 43.21, 56.92, 65.07
2042, 2, -1.678, -3.556, -4.293, 19.15, 28.5, 30.88
2042, 3, -4.934, -7.095, -8.262, 65.15, 103, 129.9
2042, 4, 5.011, 2.745, 1.515, 51.44, 64.09, 79.32
2042, 5, 7.641, 5.117, 3.415, 60.47, 77.78, 87.27
2042, 6, 11.39, 9.377, 8.397, 19.7, 22.64, 24.44
2042, 7, 16.12, 13.95, 12.84, 61.38, 74.78, 79.7
2042, 8, 14.5, 12.37, 11.19, 47.2, 54.24, 54.44
2042, 9, 12.43, 10.33, 9.175, 10.86, 13.34, 14.63
2042, 10, 7.487, 5.15, 3.879, 31.38, 40.74, 44.88
2042, 11, -4.491, -6.84, -8.006, 49.26, 78.1, 96.53
2042, 12, -6.884, -8.787, -9.562, 31.91, 46.64, 51.16
2043, 1, -10.12, -11.92, -12.66, 20.19, 30.99, 35.89
2043, 2, -2.686, -4.647, -5.556, 65.43, 91.44, 100.3
2043, 3, -3.85, -6.292, -7.813, 85.52, 116.9, 131.7
2043, 4, 2.31, 0.05253, -1.355, 47.43, 68.54, 81.8
2043, 5, 7.966, 5.46, 3.796, 53.98, 76.57, 87.89
2043, 6, 11.08, 9.103, 8.165, 15.51, 22.19, 29.42
2043, 7, 17.69, 15.66, 14.68, 34.27, 41.52, 46.44
2043, 8, 17.07, 14.8, 13.52, 65.93, 76.55, 78.26
2043, 9, 11.77, 9.422, 8.085, 30.33, 41.58, 47.49
2043, 10, 8.31, 6.213, 5.227, 11.37, 15.02, 14.92
2043, 11, -1.615, -3.9, -4.97, 26.11, 34.75, 39.8
2043, 12, -6.364, -8.386, -9.32, 47.69, 65.04, 78.02
2044, 1, -5.119, -7.415, -8.548, 67.59, 100.1, 127.6
2044, 2, -7.106, -8.856, -9.629, 66, 91.01, 104.5
2044, 3, -6.43, -8.61, -9.835, 75.05, 110.4, 126.1
2044, 4, 2.41, -0.03175, -1.484, 80.09, 113.5, 136.8
2044, 5, 5.063, 2.494, 0.8327, 73.19, 114.5, 148.5
2044, 6, 9.441, 7.057, 5.593, 42.91, 46.14, 50.98
2044, 7, 14.23, 11.95, 10.71, 73.89, 87.95, 89.23
2044, 8, 14.97, 12.63, 11.25, 108.3, 123.4, 130.1
2044, 9, 9.948, 7.586, 6.193, 41.38, 51.03, 55.86
2044, 10, 6.532, 4.163, 2.797, 24.8, 31.17, 35.18
2044, 11, 1.455, -1.033, -2.274, 38.92, 53.99, 59.79
2044, 12, -7.292, -9.126, -9.826, 19.07, 30.96, 37.86
2045, 1, -4.769, -6.674, -7.377, 28.18, 39.25, 42.13
2045, 2, -2.99, -5.013, -5.906, 53.32, 77.01, 92.01
2045, 3, -0.7043, -2.98, -4.301, 80.34, 114.2, 131.4
2045, 4, 2.746, 0.1844, -1.409, 86.4, 119.2, 142.8
2045, 5, 6.411, 3.745, 1.912, 61.6, 88.26, 100.9
2045, 6, 10.33, 8.164, 6.95, 42.25, 48.19, 54.99
2045, 7, 14.86, 12.61, 11.4, 38.95, 46.16, 57.81
2045, 8, 13.78, 11.7, 10.53, 84.43, 94.77, 98.4
2045, 9, 9.187, 6.766, 5.333, 39.75, 53.11, 63.24
2045, 10, 7.975, 5.517, 4.03, 21.28, 26.42, 32.72
2045, 11, -4.519, -6.887, -8.067, 79.34, 115.6, 133.2
2045, 12, -7.442, -9.531, -10.39, 30.83, 48.8, 61.17
2046, 1, -7.241, -9.243, -10.07, 42.29, 61.73, 74.27
2046, 2, -4.586, -6.505, -7.317, 46.16, 60.16, 70.1
2046, 3, -1.994, -4.493, -5.99, 98.87, 148.1, 171.9
2046, 4, 3.988, 1.588, 0.1266, 52.8, 84.62, 113.9
2046, 5, 7.244, 4.782, 3.139, 31.05, 49.95, 62.41
2046, 6, 11.39, 9.269, 8.135, 68.34, 64.98, 58.03
2046, 7, 16.29, 14.12, 12.91, 43.16, 50.72, 53.9
2046, 8, 14.06, 11.94, 10.82, 67.49, 78.65, 80.2
2046, 9, 12.77, 10.29, 8.825, 39.46, 45.97, 51.11
2046, 10, 7.613, 5.101, 3.622, 47.14, 59.88, 65.09
2046, 11, -2.261, -4.799, -6.136, 32.39, 47.55, 57.53
2046, 12, -6.75, -9.086, -10.11, 35.64, 52.46, 57.49
2047, 1, -10.2, -11.96, -12.51, 26.79, 36.2, 42.55
2047, 2, -4.805, -6.664, -7.509, 38.49, 56.45, 63.22
2047, 3, -3.84, -5.874, -7.074, 32.96, 50.49, 60.16
2047, 4, 5.522, 3.171, 1.764, 29.76, 50.44, 72.6
2047, 5, 11.9, 9.323, 7.618, 18.17, 26.85, 34.3
2047, 6, 13.33, 11.19, 10, 22, 29.73, 34.53
2047, 7, 17.31, 14.98, 13.73, 67.86, 83.14, 85.85
2047, 8, 13.26, 11.28, 10.22, 41.56, 49.31, 50.06
2047, 9, 10.9, 8.609, 7.298, 42.91, 53.77, 61.52
2047, 10, 4.72, 2.489, 1.253, 29.04, 37.76, 43.55
2047, 11, -1.666, -3.816, -4.814, 34.89, 55.05, 65.45
2047, 12, -4.288, -6.438, -7.349, 64.84, 84.92, 89.95
2048, 1, -7.281, -9.429, -10.33, 40.65, 59.47, 73.28
2048, 2, -6.837, -8.376, -8.915, 31.28, 49.91, 59.08
2048, 3, -2.385, -4.688, -6.069, 71.6, 95.24, 109.6
2048, 4, 2.535, 0.3057, -1.005, 52.01, 78.21, 99.29
2048, 5, 6.338, 3.75, 2.013, 68.58, 93.14, 106.5
2048, 6, 11.66, 9.556, 8.439, 20.45, 25.49, 28.01
2048, 7, 13.42, 11.37, 10.4, 67.2, 78.09, 78.89
2048, 8, 14.25, 12.01, 10.75, 57.57, 70.33, 72.76
2048, 9, 10.74, 8.52, 7.352, 18.81, 23.98, 25.8
2048, 10, 9.372, 7.156, 5.961, 6.05, 9.36, 12.51
2048, 11, -0.9549, -3.115, -4.138, 37.51, 62.14, 75.97
2048, 12, -6.213, -8.019, -8.669, 46.17, 64.87, 72.26
2049, 1, -5.794, -7.659, -8.47, 32.7, 46.26, 59.36
2049, 2, -2.971, -4.782, -5.542, 68.71, 89.13, 103.2
2049, 3, -1.231, -3.617, -5.012, 58.27, 89.76, 112.1
2049, 4, 0.8835, -1.436, -2.727, 62.58, 86.72, 97.49
2049, 5, 6.55, 4.028, 2.31, 46.84, 58.8, 64.4
2049, 6, 14.43, 12.3, 11.18, 15.87, 18.04, 20.45
2049, 7, 16.92, 14.89, 13.93, 31.49, 43.21, 50.61
2049, 8, 15.42, 13.34, 12.21, 50.76, 66.09, 71.54
2049, 9, 11.45, 9.07, 7.707, 18.73, 23.52, 25.76
2049, 10, 6.12, 3.723, 2.389, 15.53, 22.45, 27.46
2049, 11, -1.532, -3.922, -5.068, 94.63, 130.3, 148.3
2049, 12, -6.543, -8.693, -9.576, 42.87, 64.45, 73.39
2050, 1, -8.06, -10.03, -10.89, 37.05, 57.38, 67.79
2050, 2, -8.944, -10.68, -11.37, 40.9, 60.4, 72.11
2050, 3, -1.133, -3.169, -4.279, 27.17, 42.06, 55.72
2050, 4, 3.921, 1.668, 0.3548, 35.28, 49.93, 60.82
2050, 5, 10.13, 7.708, 6.133, 75.11, 91.7, 98.87
2050, 6, 11.19, 8.978, 7.694, 67.96, 75.41, 79.96
2050, 7, 15.22, 13.07, 11.95, 41.82, 52.82, 55.18
2050, 8, 15.22, 13.07, 11.89, 33.8, 44.16, 55.36
2050, 9, 13.42, 11.26, 10.1, 7.642, 9.763, 11.02
2050, 10, 6.541, 3.98, 2.446, 41.71, 55.6, 57.54
2050, 11, -3.568, -5.921, -7.031, 55.12, 76.67, 92.14
2050, 12, -6.054, -7.94, -8.726, 35.58, 49.56, 59.26
2051, 1, -8.076, -9.908, -10.45, 41.97, 68.31, 84.79
2051, 2, -5.807, -7.704, -8.584, 34.76, 53.72, 66.47
2051, 3, -2.218, -4.419, -5.694, 51.99, 78.5, 95.77
2051, 4, -0.3896, -2.967, -4.508, 104.3, 149.9, 182.8
2051, 5, 10.71, 8.222, 6.569, 35.93, 49.69, 59.75
2051, 6, 8.763, 6.37, 4.951, 49.01, 61.26, 70.7
2051, 7, 14.03, 11.83, 10.65, 35.71, 40.75, 44.61
2051, 8, 14.88, 12.59, 11.28, 122.8, 142.5, 148.2
2051, 9, 11.44, 9.086, 7.744, 28.56, 28.2, 26.15
2051, 10, 7.444, 5.035, 3.589, 26.15, 35.11, 38.17
2051, 11, -1.243, -3.791, -5.076, 53.85, 78.82, 93.34
2051, 12, -5.898, -7.897, -8.637, 46.09, 65.92, 70.56
2052, 1, -8.63, -10.67, -11.6, 58.74, 78.3, 88.43
2052, 2, -4.461, -6.326, -7.206, 29.19, 38.34, 46.15
2052, 3, -1.667, -3.851, -5.133, 56.51, 82.26, 95.14
2052, 4, 3.079, 0.7141, -0.7899, 38.47, 52.49, 60.94
2052, 5, 9.284, 6.683, 4.976, 21.49, 26.83, 29.45
2052, 6, 15.35, 13.43, 12.45, 13.33, 13.13, 12.33
2052, 7, 16.14, 13.77, 12.48, 87.84, 88.97, 84.02
2052, 8, 15.09, 12.87, 11.71, 48.25, 55.53, 54.69
2052, 9, 10.54, 8.145, 6.759, 45.63, 49.41, 46.63
2052, 10, 6.428, 4.017, 2.686, 19.76, 21.3, 22.35
2052, 11, -2.292, -4.46, -5.508, 85.4, 119.9, 132.9
2052, 12, -6.968, -8.515, -8.817, 16.38, 25.99, 29.93
2053, 1, -5.537, -7.481, -8.285, 53.18, 74.14, 90.75
2053, 2, -6.575, -8.377, -9.114, 31.55, 47.54, 55.89
2053, 3, -2.586, -4.968, -6.373, 40.25, 64.98, 81.53
2053, 4, 3.051, 0.6678, -0.773, 38.96, 58.01, 72.07
2053, 5, 9.346, 7.095, 5.653, 50.17, 69.33, 81.6
2053, 6, 10.86, 8.671, 7.526, 64.73, 70.84, 75.52
2053, 7, 15.53, 13.26, 12.05, 99.56, 123.8, 137.3
2053, 8, 12.85, 10.72, 9.567, 28.35, 37.08, 43.22
2053, 9, 10.02, 7.626, 6.193, 47.31, 59.42, 68.39
2053, 10, 5.64, 3.053, 1.592, 31.21, 44.68, 52.98
2053, 11, -1.014, -2.898, -3.659, 19.78, 24.28, 26.18
2053, 12, -3.866, -5.843, -6.587, 23.84, 38.74, 49.52
2054, 1, -3.947, -5.898, -6.611, 27.76, 39.53, 48.89
2054, 2, -3.743, -5.818, -6.825, 45.85, 66.13, 75.91
2054, 3, 0.8002, -1.588, -3.042, 41.87, 69.49, 93.1
2054, 4, 2.683, 0.117, -1.494, 78.48, 125.7, 151.9
2054, 5, 7.722, 5.003, 3.244, 81.14, 106.8, 115.4
2054, 6, 14.95, 12.82, 11.68, 32.91, 35.53, 36.6
2054, 7, 14.4, 12.24, 11.09, 48.31, 54.6, 58.3
2054, 8, 13.61, 11.44, 10.26, 64.3, 77.7, 84.66
2054, 9, 11.04, 8.585, 7.131, 51.28, 57.09, 58.75
2054, 10, 3.577, 1.206, -0.1342, 35.07, 40.22, 40.81
2054, 11, 0.9214, -1.492, -2.636, 42.67, 58.25, 65.21
2054, 12, -5.856, -7.964, -8.747, 47.52, 65.35, 73.53
2055, 1, -5.205, -7.171, -7.944, 14.34, 26.59, 36.26
2055, 2, -4.071, -5.888, -6.655, 25.68, 41.67, 52.17
2055, 3, -3.265, -5.407, -6.666, 66.21, 97.62, 123.1
2055, 4, 6.944, 4.774, 3.536, 11.18, 15.64, 19.54
2055, 5, 6.082, 3.456, 1.651, 58.91, 85.94, 94.02
2055, 6, 14.14, 11.96, 10.73, 14.9, 17.04, 20.07
2055, 7, 16.18, 13.91, 12.66, 29.46, 36.07, 45.25
2055, 8, 14.68, 12.7, 11.76, 48.76, 65.48, 75.75
2055, 9, 11.83, 9.612, 8.4, 36.05, 43.91, 48.65
2055, 10, 6.323, 4.078, 2.833, 10.56, 14.32, 17.62
2055, 11, -2.359, -4.464, -5.367, 34.66, 43.84, 46.71
2055, 12, -4.377, -6.213, -6.897, 39.53, 49.48, 50.87
2056, 1, -2.526, -4.578, -5.501, 33.08, 42.34, 46.7
2056, 2, -7.884, -9.894, -10.83, 49.07, 69.35, 79.69
2056, 3, -2.523, -4.799, -6.153, 48.62, 70.76, 84.62
2056, 4, 4.497, 2.153, 0.7402, 39.94, 58.11, 73.59
2056, 5, 10.67, 8.187, 6.498, 18.61, 23.62, 26.31
2056, 6, 16.46, 14.58, 13.72, 4.427, 5.442, 5.684
2056, 7, 15.23, 13.01, 11.83, 50.33, 55.51, 60.72
2056, 8, 17.32, 15.3, 14.23, 32.73, 36.92, 38.32
2056, 9, 14.12, 11.88, 10.62, 18.94, 22.71, 24.12
2056, 10, 3.699, 1.665, 0.6013, 12.52, 17.83, 19.63
2056, 11, 1.617, -0.9017, -2.234, 50.66, 70.02, 85.35
2056, 12, -8.574, -10.63, -11.56, 48.44, 67.47, 72.35
2057, 1, -6.211, -8.338, -9.37, 15.63, 25.5, 30.12
2057, 2, -4.218, -6.016, -6.782, 28.88, 43.57, 54.08
2057, 3, -1.089, -3.347, -4.786, 55.25, 89.05, 107.4
2057, 4, 2.855, 0.4702, -0.9371, 52.18, 86.71, 104.6
2057, 5, 9.67, 7.007, 5.278, 54.65, 72.47, 84.01
2057, 6, 12.08, 9.879, 8.668, 51.98, 54.09, 52.81
2057, 7, 15.31, 13.07, 11.93, 70.24, 81.18, 86.21
2057, 8, 15.17, 12.96, 11.69, 67.79, 82.66, 92.32
2057, 9, 10.48, 8.021, 6.537, 54.29, 63.82, 71.46
2057, 10, 8.759, 6.465, 5.263, 19.66, 32.49, 38.74
2057, 11, 1.69, -0.692, -1.879, 42.37, 62.79, 71.67
2057, 12, -5.958, -8.106, -8.952, 35.82, 53.41, 62.65
2058, 1, -2.694, -4.78, -5.602, 24.31, 37.76, 48.06
2058, 2, -3.945, -5.712, -6.444, 51.39, 70.52, 78.09
2058, 3, -1.312, -3.775, -5.353, 64.43, 95.32, 122.3
2058, 4, 1.264, -1.27, -2.798, 109.2, 151.4, 186.4
2058, 5, 8.457, 5.801, 3.943, 62.17, 86.96, 102.5
2058, 6, 11.45, 9.122, 7.759, 61.86, 77.18, 90.64
2058, 7, 14.35, 12.13, 10.9, 85.11, 100.4, 105.6
2058, 8, 13.54, 11.38, 10.2, 41.07, 48.04, 48.27
2058, 9, 10.91, 8.422, 6.944, 54.5, 67.73, 71.96
2058, 10, 6.28, 3.829, 2.447, 20.93, 33.07, 41.96
2058, 11, -0.3827, -2.778, -4.129, 48.81, 65.32, 74.37
2058, 12, -6.887, -8.991, -9.897, 46.06, 67.58, 80.49
2059, 1, -7.718, -9.688, -10.5, 36.46, 58.01, 69.12
2059, 2, -8.68, -10.31, -10.93, 35.47, 53.29, 69.82
2059, 3, -4.209, -6.398, -7.71, 29.94, 41.61, 53.07
2059, 4, 8.471, 6.28, 5.072, 17.75, 26.33, 31.95
2059, 5, 10.42, 7.907, 6.114, 22.56, 30.36, 34.39
2059, 6, 14.07, 12.04, 11.01, 28.63, 30.16, 27.55
2059, 7, 17.24, 15.1, 14, 82.46, 89.01, 92.99
2059, 8, 14.83, 12.56, 11.22, 80.04, 89.19, 89.46
2059, 9, 11.87, 9.387, 7.904, 44.43, 53.73, 56.3
2059, 10, 4.397, 1.981, 0.585, 21.12, 29.23, 33.48
2059, 11, -1.989, -4.341, -5.721, 34.31, 44.82, 51.63
2059, 12, -6.701, -8.889, -9.862, 54.81, 76.12, 90.53
2060, 1, -2.454, -4.459, -5.339, 23.55, 38.67, 52.3
2060, 2, -4.56, -6.229, -6.944, 30.7, 42.31, 48.45
2060, 3, -0.9216, -3.189, -4.562, 17.87, 27.6, 36.1
2060, 4, 6.331, 3.975, 2.585, 30.8, 43.26, 51.28
2060, 5, 7.017, 4.412, 2.652, 83.54, 101.1, 113.8
2060, 6, 13.23, 11.35, 10.48, 22.32, 26.15, 26.71
2060, 7, 15.29, 13.14, 12.04, 77.09, 89.78, 99.38
2060, 8, 14.76, 12.88, 11.92, 23.27, 29.42, 29.19
2060, 9, 11.81, 9.394, 8.044, 46.47, 52.77, 58.01
2060, 10, 7.547, 5.406, 4.365, 8.828, 14.53, 19.38
2060, 11, -1.683, -3.925, -4.998, 40.89, 54.56, 62.16
2060, 12, -8.191, -10.31, -11.22, 39.11, 59.99, 73.66
2061, 1, -5.107, -7.037, -7.712, 31.56, 46.47, 55.18
2061, 2, -5.56, -7.575, -8.512, 41.06, 60.38, 71.83
2061, 3, 0.1267, -2.028, -3.291, 19.92, 29.57, 35.62
2061, 4, 2.148, -0.1008, -1.497, 48.93, 65.37, 78.26
2061, 5, 8.889, 6.48, 4.816, 38.64, 48.44, 53.08
2061, 6, 12.33, 10.12, 8.874, 39.5, 40.5, 39.47
2061, 7, 16.87, 14.95, 14.08, 25.48, 29.78, 31.4
2061, 8, 16.08, 14.07, 12.97, 26.99, 32.63, 36.86
2061, 9, 14.43, 12.13, 10.87, 20.7, 22.64, 21.69
2061, 10, 7.98, 5.559, 4.189, 40.18, 57.94, 66.72
2061, 11, 0.4877, -1.582, -2.528, 20.76, 26.54, 29.11
2061, 12, -5.772, -8.056, -9.134, 42.32, 61.39, 75.42
2062, 1, -6.142, -8.118, -8.913, 77.09, 106.8, 121
2062, 2, -6.322, -8.2, -9.072, 53.71, 78.24, 86.81
2062, 3, -2.282, -4.756, -6.362, 67.66, 102.9, 127.7
2062, 4, -0.3234, -2.814, -4.328, 112.8, 156.1, 178.9
2062, 5, 11.69, 9.225, 7.667, 23.82, 34.51, 41.9
2062, 6, 13.14, 11.07, 10.01, 22.92, 29.45, 35.65
2062, 7, 16.62, 14.28, 13.03, 78.25, 86.96, 86.5
2062, 8, 14.69, 12.59, 11.49, 57.39, 69.38, 73.93
2062, 9, 12.26, 9.794, 8.402, 30.72, 36.76, 38.3
2062, 10, 4.391, 2.069, 0.7699, 41.04, 58.96, 70.83
2062, 11, 0.6578, -1.621, -2.721, 44.84, 58.59, 63.57
2062, 12, -7.383, -9.063, -9.576, 23, 33.74, 38.17
2063, 1, -4.271, -6.233, -6.925, 33.53, 51, 64.32
2063, 2, -4.691, -6.253, -6.821, 26.84, 45.48, 58
2063, 3, -0.7942, -2.979, -4.27, 54.41, 84.02, 106
2063, 4, 2.535, 0.04012, -1.495, 92.22, 135.4, 162.7
2063, 5, 8.192, 5.737, 4.083, 50.8, 74.58, 98.11
2063, 6, 11.88, 9.667, 8.532, 28.85, 32.25, 38.52
2063, 7, 16.48, 14.51, 13.72, 45.04, 50.11, 51.69
2063, 8, 15.1, 13.01, 11.9, 31.51, 40.13, 43.26
2063, 9, 13.33, 11.28, 10.24, 19.45, 23.48, 25.74
2063, 10, 6.263, 3.759, 2.304, 29.97, 39.71, 42.94
2063, 11, 0.7464, -1.524, -2.658, 29.14, 39.34, 47.14
2063, 12, -6.627, -8.359, -8.764, 69.3, 116, 150.1
2064, 1, -8.734, -10.41, -10.91, 37.61, 60.76, 73.94
2064, 2, -4.814, -6.599, -7.411, 54.07, 69.37, 73.16
2064, 3, -2.734, -5.171, -6.659, 46.18, 61.94, 68.3
2064, 4, 0.8987, -1.59, -3.092, 78.09, 103.8, 118
2064, 5, 10.06, 7.46, 5.645, 42.97, 66.12, 82.25
2064, 6, 10.93, 8.764, 7.621, 57.45, 70.25, 77.51
2064, 7, 14.26, 12.17, 11.11, 41.61, 53.89, 63.03
2064, 8, 15.72, 13.64, 12.52, 35.3, 42.57, 45.94
2064, 9, 11.53, 9.365, 8.165, 26.98, 32.49, 40.59
2064, 10, 7.245, 4.982, 3.798, 19.98, 30.04, 36
2064, 11, 1.712, -0.5369, -1.554, 60.88, 78.9, 87.49
2064, 12, -3.337, -5.391, -6.112, 20.28, 30.67, 35.17
2065, 1, -3.798, -5.8, -6.554, 43.65, 66.89, 92.46
2065, 2, -5.91, -7.447, -8.109, 16.8, 23.22, 25.54
2065, 3, -6.043, -8.422, -9.924, 72.88, 105.6, 125
2065, 4, 8.297, 5.842, 4.287, 13, 16.79, 20.16
2065, 5, 11.67, 9.513, 8.219, 2.638, 3.534, 5.053
2065, 6, 14.8, 12.58, 11.36, 33.24, 40.84, 48.41
2065, 7, 17.29, 15.03, 13.82, 48.71, 54.03, 54.17
2065, 8, 15.58, 13.56, 12.48, 49.06, 57.17, 57.57
2065, 9, 11.35, 8.928, 7.503, 30.7, 36.36, 37.35
2065, 10, 7.122, 4.753, 3.447, 22.46, 32.88, 39.07
2065, 11, -4.471, -6.685, -7.752, 51.8, 76.54, 84.79
2065, 12, -5.338, -7.499, -8.415, 34.92, 50.69, 62.42
2066, 1, -6.461, -8.487, -9.172, 61.64, 88.91, 104.7
2066, 2, -2.781, -4.229, -4.617, 26.64, 40.53, 54.49
2066, 3, -4.949, -7.449, -9.057, 25.3, 44.37, 58.81
2066, 4, 4.425, 1.831, 0.21, 60.76, 98.99, 130.4
2066, 5, 11.92, 9.586, 8.115, 15.97, 19.74, 18.81
2066, 6, 14, 11.8, 10.59, 64.25, 70.67, 78.86
2066, 7, 16.93, 14.81, 13.69, 54.41, 61.21, 65.61
2066, 8, 17.01, 14.88, 13.67, 81.33, 95.68, 98.23
2066, 9, 12.57, 10.18, 8.806, 72.29, 83.06, 80.02
2066, 10, 6.823, 4.379, 2.973, 42.38, 53.95, 58.63
2066, 11, -5.145, -7.492, -8.761, 78.91, 125.4, 154.5
2066, 12, -7.397, -9.086, -9.559, 5.137, 8.668, 12.01
2067, 1, -7.341, -9.726, -10.81, 58.15, 92.72, 118.6
2067, 2, -7.885, -9.668, -10.52, 38.69, 60.64, 70.65
2067, 3, -2.037, -4.682, -6.445, 42.67, 66.86, 88.05
2067, 4, 3.208, 0.9653, -0.3569, 68.34, 84.88, 92.21
2067, 5, 11.79, 9.387, 7.797, 28.96, 37.09, 41.77
2067, 6, 11.28, 9.093, 7.839, 54.42, 66.69, 76.08
2067, 7, 17.84, 15.67, 14.57, 29.77, 41.89, 53.55
2067, 8, 16.01, 13.87, 12.68, 54.95, 66.22, 71.12
2067, 9, 12.41, 10.1, 8.804, 19.16, 23.86, 25.83
2067, 10, 5.728, 3.31, 1.927, 34.95, 55.11, 68.69
2067, 11, -2.775, -4.816, -5.83, 38.59, 64.22, 77.95
2067, 12, -5.866, -7.696, -8.263, 55.39, 86.24, 101.9
2068, 1, -4.851, -6.995, -7.976, 29.97, 45.46, 55.09
2068, 2, -2.401, -4.243, -4.991, 34.76, 50.01, 57.18
2068, 3, -4.019, -6.434, -7.83, 77.59, 108.5, 127.8
2068, 4, 6.428, 4.127, 2.727, 17.93, 25.96, 33.15
2068, 5, 11.15, 8.707, 7.06, 16.26, 24.63, 31.18
2068, 6, 13.43, 11.34, 10.29, 35.25, 45.81, 53.85
2068, 7, 17.45, 15.35, 14.32, 26.84, 33.05, 34.54
2068, 8, 15.54, 13.31, 12.05, 92.55, 108.9, 118.8
2068, 9, 14.22, 11.94, 10.66, 9.824, 10.39, 11.39
2068, 10, 8.183, 6.036, 4.918, 21.65, 26.27, 28.79
2068, 11, -3.948, -6.166, -7.235, 30.61, 40.08, 46.5
2068, 12, -6.421, -8.544, -9.53, 60.9, 89.44, 105.8
2069, 1, -9.269, -11.23, -12.09, 62.64, 93.12, 113.2
2069, 2, -6.196, -7.679, -8.21, 18.06, 27.01, 32.6
2069, 3, 1.171, -1.148, -2.545, 45.84, 76.14, 99.49
2069, 4, 1.489, -1.144, -2.741, 88.23, 133.6, 167.6
2069, 5, 8.097, 5.618, 4.007, 52.03, 78.51, 94.56
2069, 6, 15.2, 13.13, 12.07, 32.98, 35.65, 36.01
2069, 7, 15.46, 13.31, 12.19, 63.86, 73.96, 75.91
2069, 8, 15.08, 12.94, 11.8, 44.49, 47.7, 48.47
2069, 9, 12.37, 9.933, 8.574, 79.13, 92.26, 92.57
2069, 10, 6.013, 3.5, 2.033, 28.38, 38.07, 41.2
2069, 11, -0.2014, -2.649, -3.942, 57.17, 86.16, 104.2
2069, 12, -4.402, -6.564, -7.416, 32.3, 46.77, 53
2070, 1, -5.093, -7.027, -7.752, 38, 54.69, 63.9
2070, 2, -4.45, -6.55, -7.559, 34, 46.09, 53.1
2070, 3, -1.89, -4.108, -5.442, 39.31, 56.55, 75.38
2070, 4, 3.574, 1.18, -0.2805, 69.84, 100.9, 123.9
2070, 5, 7.696, 5.427, 4.009, 18.25, 25.76, 31.77
2070, 6, 14.78, 12.64, 11.5, 22.07, 21.67, 21.34
2070, 7, 17.65, 15.68, 14.78, 19.44, 23.24, 25.93
2070, 8, 16.7, 14.81, 13.89, 45.64, 46.99, 48.1
2070, 9, 12.68, 10.36, 9.02, 20.49, 26.95, 29.49
2070, 10, 9.086, 6.735, 5.454, 12.85, 16.36, 17.01
2070, 11, 2.205, 0.1169, -0.891, 22.4, 26.47, 27.19
2070, 12, -3.539, -5.633, -6.509, 64.69, 86.46, 93.99
2071, 1, -2.261, -4.226, -4.935, 50.27, 70.12, 80.86
2071, 2, -7.602, -9.295, -10.07, 50.93, 75.72, 95.9
2071, 3, -1.818, -4.141, -5.608, 32.4, 50.01, 66.69
2071, 4, 6.182, 3.812, 2.468, 18.63, 25.04, 29.2
2071, 5, 11.36, 8.943, 7.377, 21.47, 36.67, 48.99
2071, 6, 14, 12.14, 11.28, 8.071, 9.801, 11.27
2071, 7, 17.89, 15.93, 14.96, 37.2, 47.94, 53.04
2071, 8, 16.47, 14.36, 13.19, 53.5, 67.02, 75.91
2071, 9, 14.37, 12.2, 11.06, 13, 16.48, 16.68
2071, 10, 8.642, 6.377, 5.089, 28.9, 48.69, 63.35
2071, 11, 0.3128, -1.941, -3.065, 16.91, 23.84, 29.14
2071, 12, -2.646, -4.717, -5.691, 21.86, 31.94, 38.39
2072, 1, -5.654, -7.732, -8.697, 107.4, 143.5, 160.6
2072, 2, -6.739, -8.368, -9.027, 51.04, 76.65, 93.53
2072, 3, -0.07402, -2.232, -3.5, 43.59, 69.1, 87.74
2072, 4, 2.532, 0.07514, -1.468, 65.5, 97.09, 126.8
2072, 5, 11.68, 9.614, 8.372, 2.882, 5.551, 6.973
2072, 6, 14.23, 12.16, 11.08, 50.3, 66.32, 72.62
2072, 7, 19.08, 17.11, 16.22, 28.61, 41.22, 49.48
2072, 8, 16.39, 14.46, 13.48, 73.59, 78.27, 77.19
2072, 9, 11.32, 8.813, 7.347, 63.95, 68.8, 68.93
2072, 10, 6.314, 4.082, 2.833, 47.94, 58.27, 62.6
2072, 11, -0.8655, -3.185, -4.312, 32.3, 51.99, 65.72
2072, 12, -4.533, -6.586, -7.548, 42.25, 60.02, 72.6
2073, 1, -6.577, -8.586, -9.382, 74.15, 100.6, 116.1
2073, 2, -4.182, -5.689, -6.216, 18.21, 29.97, 38.19
2073, 3, -1.003, -3.414, -4.888, 65.16, 100.7, 126.5
2073, 4, 0.7615, -1.409, -2.707, 46.4, 65.45, 79.01
2073, 5, 6.912, 4.522, 2.897, 96.65, 138.1, 168.4
2073, 6, 15.54, 13.37, 12.23, 11.79, 16.07, 19.26
2073, 7, 15.67, 13.55, 12.43, 44.82, 51.97, 55.15
2073, 8, 17.62, 15.64, 14.66, 8.898, 12.99, 17.5
2073, 9, 15.31, 13.03, 11.78, 18.32, 23.7, 25.93
2073, 10, 5.637, 3.285, 1.873, 21.2, 30.03, 38.16
2073, 11, 3.629, 1.736, 1.072, 3.148, 4.687, 6.423
2073, 12, -6.419, -8.73, -9.723, 93.17, 132.4, 151.3
2074, 1, -4.656, -6.553, -7.252, 45.64, 67.22, 76.12
2074, 2, -2.596, -4.307, -5.06, 32.16, 45.23, 54.14
2074, 3, 0.1325, -2.04, -3.295, 60.35, 84.07, 101.2
2074, 4, 3.306, 0.8552, -0.6837, 35.74, 53.74, 64.31
2074, 5, 12.75, 10.5, 9.139, 18.87, 22.85, 27.57
2074, 6, 12.81, 10.74, 9.595, 32.43, 41.72, 44.56
2074, 7, 18.57, 16.38, 15.32, 91.78, 106, 112.5
2074, 8, 14.68, 12.62, 11.44, 93.78, 105.1, 100.1
2074, 9, 13.63, 11.14, 9.634, 55.12, 62.29, 64.67
2074, 10, 4.597, 2.307, 0.9635, 30.12, 35.01, 37
2074, 11, -0.2163, -2.613, -3.865, 43.04, 61.29, 73.9
2074, 12, -6.002, -8.036, -8.861, 69.06, 102.6, 127.4
2075, 1, -5.078, -7.197, -8.222, 34.4, 49.94, 57.86
2075, 2, -1.235, -2.795, -3.352, 14.46, 20.76, 24.75
2075, 3, -2.005, -4.39, -5.778, 90.66, 123.9, 139.2
2075, 4, 3.991, 1.56, -0.01745, 32.35, 46.55, 54.56
2075, 5, 13.15, 10.85, 9.347, 9.633, 12.16, 13.25
2075, 6, 13.68, 11.41, 10.13, 164.5, 180.2, 186.1
2075, 7, 16.02, 13.93, 12.94, 62.91, 68.03, 69.61
2075, 8, 14.87, 12.7, 11.47, 137, 149.1, 147.7
2075, 9, 12.68, 10.31, 8.921, 35.91, 46.9, 57.92
2075, 10, 4.907, 2.355, 0.751, 16.89, 23.76, 30.66
2075, 11, -1.736, -4.114, -5.374, 47.77, 69.37, 83.36
2075, 12, -5.719, -7.742, -8.647, 48.17, 70.37, 81.05
2076, 1, -7.368, -9.779, -11.16, 28.1, 43.21, 50.12
2076, 2, -2.482, -4.493, -5.331, 30, 47.91, 60.09
2076, 3, 0.626, -1.708, -3.118, 74.91, 111.3, 128.2
2076, 4, 6.416, 3.88, 2.219, 13.63, 22.02, 28.32
2076, 5, 13.19, 10.78, 9.23, 6.022, 8.301, 10.61
2076, 6, 11.51, 9.466, 8.364, 115.6, 115, 110.1
2076, 7, 16.7, 14.71, 13.74, 45.89, 55.78, 61.57
2076, 8, 15.16, 13.06, 11.88, 73.67, 78.43, 81.48
2076, 9, 12, 9.546, 8.083, 30.46, 37.91, 40.64
2076, 10, 8.98, 6.391, 4.874, 41.18, 53.35, 60.07
2076, 11, -2.049, -4.448, -5.774, 41.75, 68.03, 83.47
2076, 12, -5.733, -7.813, -8.734, 42.26, 56.82, 61.55
2077, 1, -4.219, -6.374, -7.492, 45.19, 70.85, 90.54
2077, 2, -5.085, -6.975, -7.97, 59.87, 78.06, 85.11
2077, 3, 0.668, -1.946, -3.625, 55.45, 80.09, 95.64
2077, 4, 3.515, 0.9114, -0.7596, 84.01, 118.2, 139.2
2077, 5, 11.48, 8.96, 7.27, 33.44, 54.12, 72.67
2077, 6, 12.07, 10.14, 9.173, 50.3, 51.59, 48.28
2077, 7, 18.08, 15.95, 14.9, 49.99, 63.78, 69.62
2077, 8, 17.64, 15.71, 14.78, 19.4, 22.46, 22.92
2077, 9, 12.73, 10.29, 8.954, 67.28, 78.15, 80.66
2077, 10, 7.037, 4.685, 3.308, 36.88, 57.15, 75.5
2077, 11, -0.4117, -2.92, -4.374, 47.13, 67.52, 80.78
2077, 12, -7.583, -9.673, -10.54, 49.01, 70.9, 79.62
2078, 1, -2.807, -4.887, -5.798, 49.04, 73.95, 88.72
2078, 2, -5.648, -7.477, -8.242, 31.48, 45.43, 54.82
2078, 3, -0.1283, -2.515, -3.982, 54.52, 81.98, 98.93
2078, 4, 3.354, 0.7717, -0.8674, 139.5, 200.1, 231.3
2078, 5, 8.475, 5.88, 4.059, 84.03, 118.9, 138.9
2078, 6, 14.61, 12.26, 10.91, 82.78, 83.29, 82.17
2078, 7, 16.06, 13.9, 12.77, 68.42, 80.59, 85.96
2078, 8, 15.38, 13.29, 12.12, 41.8, 52.86, 56.26
2078, 9, 12.4, 10.24, 9.044, 30.83, 36.11, 37.68
2078, 10, 3.885, 1.732, 0.5542, 17.43, 25.56, 31.44
2078, 11, 1.7, -0.392, -1.39, 20.75, 27.46, 30.05
2078, 12, -7.264, -9.392, -10.27, 77.99, 117.7, 139.6
2079, 1, -7.179, -9.229, -10.17, 43.48, 70.87, 93.83
2079, 2, -2.693, -4.783, -5.791, 40.98, 53.65, 61.79
2079, 3, 0.212, -2.093, -3.504, 38.09, 53.81, 61.5
2079, 4, 6.683, 4.309, 2.851, 22.34, 31.57, 41.38
2079, 5, 12.64, 10.3, 8.719, 5.431, 6.874, 6.563
2079, 6, 15.86, 13.94, 13.05, 9.797, 12.35, 16
2079, 7, 19.74, 17.69, 16.76, 40.23, 45.1, 41.49
2079, 8, 16.46, 14.36, 13.25, 94.9, 102.8, 105.3
2079, 9, 13.12, 10.81, 9.488, 11.63, 13.6, 14.52
2079, 10, 8.686, 6.215, 4.757, 24.67, 38.19, 47.96
2079, 11, -0.05858, -2.401, -3.636, 44.98, 65.21, 73.78
2079, 12, -4.799, -7.283, -8.51, 48.12, 71.61, 83.42
2080, 1, -3.976, -6.261, -7.246, 52.44, 90.77, 117.6
2080, 2, -4.006, -5.917, -6.918, 67.38, 86.83, 94.6
2080, 3, -1.181, -3.529, -4.914, 38.46, 57.4, 69.65
2080, 4, 1.903, -0.7554, -2.397, 98.47, 135.6, 160
2080, 5, 11.72, 9.356, 7.879, 22.87, 29.32, 33.38
2080, 6, 13.51, 11.41, 10.36, 39.28, 47.1, 52.76
2080, 7, 17.18, 15.08, 14.07, 49.89, 56.43, 58.96
2080, 8, 18.99, 17.18, 16.41, 25.12, 29.46, 28.6
2080, 9, 16.86, 14.6, 13.37, 0.09615, 0.2139, 0.3302
2080, 10, 10.35, 7.961, 6.568, 15.93, 20.11, 22.35
2080, 11, -0.7771, -3.03, -4.166, 77.64, 112.6, 132.5
2080, 12, -6.536, -8.499, -9.292, 25.1, 44.9, 61.37
2081, 1, -7.097, -9.072, -9.913, 52.59, 73.1, 87.15
2081, 2, -4.844, -6.309, -6.602, 32.17, 45.31, 50.57
2081, 3, -1.157, -3.332, -4.665, 38.13, 53.17, 60.32
2081, 4, 1.269, -1.494, -3.172, 118.6, 160, 186
2081, 5, 10.12, 7.641, 5.994, 53.73, 65.78, 73.49
2081, 6, 12.93, 11.12, 10.35, 19.65, 19.22, 19.84
2081, 7, 20.79, 18.76, 17.78, 22.49, 28.84, 32.35
2081, 8, 18.93, 16.83, 15.68, 43.81, 52.73, 52.07
2081, 9, 14.35, 11.75, 10.21, 44.73, 54.26, 62.61
2081, 10, 10.39, 8.035, 6.634, 29.41, 36.15, 39.32
2081, 11, 1.738, -0.4454, -1.512, 25.84, 38.94, 45.79
2081, 12, -5.004, -7.029, -7.835, 19.85, 28.48, 33.29
2082, 1, -6.152, -7.864, -8.4, 35.22, 55.07, 69.34
2082, 2, -3.626, -5.127, -5.64, 16.97, 22.85, 26.95
2082, 3, -1.673, -3.765, -4.945, 87.4, 129.4, 156.6
2082, 4, 2.462, -0.2324, -1.926, 45.6, 71.41, 91.08
2082, 5, 11.65, 8.996, 7.282, 19.04, 30.02, 35.47
2082, 6, 14.03, 12, 10.98, 33.3, 39.25, 42.48
2082, 7, 18.88, 16.9, 16.12, 6.566, 8.485, 9.115
2082, 8, 19.44, 17.38, 16.3, 18.49, 22.05, 24.41
2082, 9, 15.02, 12.86, 11.75, 5.612, 6.724, 6.905
2082, 10, 12.81, 10.59, 9.411, 14.87, 20.35, 24.4
2082, 11, -2.576, -4.841, -5.982, 81.62, 121.5, 139.4
2082, 12, -5.362, -7.555, -8.678, 50.75, 75.9, 91.64
2083, 1, -5.981, -7.903, -8.737, 13.83, 23.79, 29.89
2083, 2, -6.484, -8.255, -9.048, 32.3, 54.64, 65.86
2083, 3, 4.188, 2.205, 1.108, 14.69, 21.83, 27.13
2083, 4, 5.248, 2.732, 1.217, 61.12, 73.54, 76.9
2083, 5, 12.35, 9.689, 7.898, 29.2, 39.62, 42.71
2083, 6, 15.74, 13.6, 12.48, 30.29, 38.68, 44.41
2083, 7, 17.1, 15.01, 13.96, 94.62, 109.1, 112.9
2083, 8, 15.7, 13.61, 12.42, 62.08, 68.28, 65.66
2083, 9, 12.44, 10.08, 8.616, 39.67, 51.3, 56.51
2083, 10, 8.14, 5.777, 4.423, 48.9, 55.73, 56.81
2083, 11, -4.526, -6.784, -7.99, 30.11, 45.8, 57.95
2083, 12, -3.626, -5.83, -6.786, 65.55, 94.28, 108.4
2084, 1, -4.826, -6.857, -7.606, 17.24, 34.22, 45.96
2084, 2, -6.594, -8.748, -9.794, 55.84, 80.84, 96.84
2084, 3, 0.5899, -1.73, -3.105, 27.25, 38.17, 45.93
2084, 4, 6.998, 4.687, 3.328, 17.22, 24.91, 29.55
2084, 5, 11.39, 8.88, 7.198, 43.7, 62.65, 75.83
2084, 6, 14.31, 12.22, 11.15, 19.82, 24.2, 25.4
2084, 7, 19.56, 17.44, 16.45, 33.88, 39.31, 41.2
2084, 8, 16.26, 14.28, 13.26, 72.83, 81.26, 85.18
2084, 9, 15.05, 12.86, 11.64, 10.13, 15.55, 19.15
2084, 10, 7.461, 4.81, 3.202, 45.34, 59.79, 63.78
2084, 11, 0.6638, -1.779, -3.1, 34.22, 49.29, 59.93
2084, 12, -2.473, -4.465, -5.362, 41.18, 63.97, 75.94
2085, 1, -5.751, -7.987, -9.179, 48.03, 68.67, 82.82
2085, 2, -0.9037, -3.192, -4.237, 81.61, 98.6, 103.9
2085, 3, -1.494, -3.851, -5.357, 63.03, 103.5, 131.4
2085, 4, 4.432, 2.091, 0.6772, 40, 56.08, 59.79
2085, 5, 10.12, 7.65, 6.018, 37.89, 49.11, 54.41
2085, 6, 15.36, 13.35, 12.33, 15.28, 15.1, 15.65
2085, 7, 16.92, 14.72, 13.54, 74.46, 81.47, 87.24
2085, 8, 16.32, 14.19, 12.98, 67.84, 72.38, 73.34
2085, 9, 11.37, 8.999, 7.547, 34.24, 41.91, 48.34
2085, 10, 4.638, 2.285, 0.8197, 15.91, 23.36, 27.36
2085, 11, 2.138, -0.2455, -1.412, 28.76, 37.85, 40.7
2085, 12, -6.597, -8.702, -9.703, 50.73, 73.64, 84.43
2086, 1, -1.702, -3.671, -4.335, 24.48, 31.82, 32.5
2086, 2, -4.875, -6.424, -7.009, 43.63, 65.47, 77.81
2086, 3, -1.622, -4.099, -5.707, 69.18, 102.8, 123.2
2086, 4, 3.909, 1.189, -0.5673, 119.6, 165.1, 191
2086, 5, 9.745, 7.328, 5.692, 34.05, 47.4, 58.36
2086, 6, 11.84, 9.804, 8.665, 72.3, 74.52, 75.93
2086, 7, 17.06, 14.97, 13.91, 44.25, 57.59, 72.08
2086, 8, 17.16, 15.05, 13.91, 77.49, 94, 102.1
2086, 9, 13.5, 11, 9.523, 62.02, 86.43, 93.5
2086, 10, 8.053, 5.755, 4.52, 3.167, 5.537, 8.224
2086, 11, 1.857, -0.6435, -2.005, 69.93, 100.8, 120.2
2086, 12, -4.982, -7.225, -8.366, 64.3, 96.27, 111.1
2087, 1, -6.48, -8.563, -9.516, 81.97, 118.1, 140.2
2087, 2, -3.916, -6.068, -7.05, 46.06, 71.4, 85.62
2087, 3, 1.193, -1.253, -2.783, 25.43, 40.94, 50.68
2087, 4, 2.395, -0.1746, -1.698, 77.28, 106.2, 122.1
2087, 5, 13.12, 10.73, 9.223, 16.01, 20.65, 24.42
2087, 6, 14.75, 12.8, 11.84, 37.45, 37.24, 35.26
2087, 7, 18.59, 16.61, 15.73, 60.7, 66.94, 73.17
2087, 8, 19.84, 17.73, 16.51, 25.87, 31.23, 32.2
2087, 9, 15.25, 13.08, 11.83, 32.56, 36.57, 38.74
2087, 10, 12.14, 9.979, 8.852, 2.288, 3.71, 5.601
2087, 11, -0.2219, -2.591, -3.829, 68.12, 96.82, 112.7
2087, 12, -7.48, -9.593, -10.56, 35.64, 54.33, 63.62
2088, 1, -6.073, -8.234, -9.228, 70.48, 110, 136.8
2088, 2, -8.069, -9.774, -10.45, 29.52, 47.09, 54.13
2088, 3, -1.145, -3.667, -5.24, 68.3, 98.83, 122.2
2088, 4, 4.424, 2.293, 1.197, 23.42, 36.45, 46.83
2088, 5, 10.09, 7.448, 5.667, 33.94, 58.18, 80.97
2088, 6, 12.34, 10.19, 9.01, 138.6, 147, 158.4
2088, 7, 16.27, 14.13, 13.07, 12.9, 17.72, 22.25
2088, 8, 16.4, 14.23, 13.01, 96.85, 111.5, 113.2
2088, 9, 12.27, 9.939, 8.565, 53.31, 64.51, 68.92
2088, 10, 8.774, 6.458, 5.132, 17.46, 28.12, 34.7
2088, 11, -0.177, -2.665, -4.054, 31.36, 41.06, 47.41
2088, 12, -3.858, -5.985, -6.981, 54.75, 70.91, 75.92
2089, 1, -3.089, -5.433, -6.628, 28.97, 42.69, 52.52
2089, 2, -3.197, -4.931, -5.56, 35.99, 45.85, 52.47
2089, 3, -1.949, -4.515, -6.239, 76.19, 99.58, 112
2089, 4, 7.64, 5.226, 3.713, 15.97, 24.9, 31.36
2089, 5, 8.023, 5.423, 3.683, 74.26, 92.25, 103.1
2089, 6, 13.33, 11.23, 10.11, 69.93, 79.54, 89.17
2089, 7, 16.89, 14.86, 13.85, 43.35, 50.69, 55.41
2089, 8, 16.65, 14.46, 13.2, 86.8, 101.9, 94.92
2089, 9, 13.8, 11.48, 10.19, 36.93, 48.37, 55.78
2089, 10, 8.538, 6.177, 4.797, 15.17, 22.4, 26.03
2089, 11, -0.3152, -2.985, -4.505, 59.77, 88.66, 106.3
2089, 12, -6.184, -8.286, -9.223, 22.16, 32.31, 37.75
2090, 1, -0.808, -2.971, -3.894, 16.26, 26.01, 31.06
2090, 2, -1.538, -3.625, -4.518, 42.41, 66.25, 82.53
2090, 3, -1.9, -4.392, -6.03, 51.29, 79.11, 95.47
2090, 4, 3.862, 1.354, -0.2207, 53.39, 74.77, 90.76
2090, 5, 11.11, 8.742, 7.197, 36.61, 49.42, 59.39
2090, 6, 12.15, 10.19, 9.177, 75.44, 71.3, 69.5
2090, 7, 18.71, 16.55, 15.47, 47.18, 56.11, 64.83
2090, 8, 16.32, 14.32, 13.29, 40.75, 44.97, 45.33
2090, 9, 15.46, 13.36, 12.24, 24.32, 30.51, 35.47
2090, 10, 8.897, 6.557, 5.205, 15.31, 21.2, 23.83
2090, 11, 2.822, 0.415, -0.8867, 29.86, 48.94, 64
2090, 12, -3.385, -5.21, -5.931, 40.41, 52.89, 55.68
2091, 1, -4.691, -6.909, -7.869, 39.19, 63.87, 85.73
2091, 2, -1.615, -3.587, -4.516, 67.15, 89.28, 101.6
2091, 3, -1.554, -4.027, -5.53, 41.13, 69.94, 91.69
2091, 4, 3.582, 1.109, -0.4, 71.97, 99.9, 117
2091, 5, 11.39, 8.841, 7.153, 29.46, 37.91, 41.07
2091, 6, 13.73, 11.65, 10.57, 29.46, 37.94, 47.62
2091, 7, 15.99, 13.73, 12.52, 79.72, 93.1, 98.9
2091, 8, 17.09, 15.02, 13.9, 43.11, 47.65, 45.72
2091, 9, 14.5, 12.36, 11.23, 26.73, 29.23, 33.02
2091, 10, 9.151, 6.56, 5.018, 22.51, 40.07, 52.04
2091, 11, 2.967, 0.6579, -0.489, 26.71, 36.55, 42.82
2091, 12, -4.338, -6.547, -7.595, 67.59, 90.41, 99.91
2092, 1, -1.128, -3.35, -4.376, 70.86, 105.6, 127.3
2092, 2, -6, -7.946, -8.757, 45.57, 65.29, 73.64
2092, 3, 0.5231, -1.644, -3.008, 62.04, 83.65, 102.5
2092, 4, 1.928, -0.3423, -1.699, 101.7, 138.9, 157
2092, 5, 13.59, 11.21, 9.727, 3.816, 6.751, 8.546
2092, 6, 13.13, 11.4, 10.59, 35.65, 37.61, 36.43
2092, 7, 19.33, 17.14, 16.03, 102.4, 117.4, 112.2
2092, 8, 17.54, 15.54, 14.46, 52.92, 58.79, 60.32
2092, 9, 12.68, 10.23, 8.734, 50.82, 61.82, 66.91
2092, 10, 10.87, 8.051, 6.218, 36.62, 55.37, 64.18
2092, 11, -0.7433, -3.079, -4.266, 24.63, 34.78, 41.66
2092, 12, -2.006, -4.277, -5.373, 65.13, 88.99, 99.19
2093, 1, -7.312, -9.205, -9.94, 44.95, 62.07, 68.17
2093, 2, -2.368, -3.719, -4.029, 22.1, 30.26, 33.95
2093, 3, -1.602, -3.994, -5.419, 67.18, 96.05, 112.1
2093, 4, 5.431, 2.94, 1.395, 46.74, 65.36, 78.42
2093, 5, 11.7, 9.211, 7.596, 20.36, 30.48, 37.22
2093, 6, 17.29, 15.35, 14.44, 11.44, 14.91, 18.6
2093, 7, 19.36, 17.34, 16.4, 44.06, 55.91, 61.2
2093, 8, 19.77, 17.85, 16.86, 29.22, 33.05, 35.22
2093, 9, 16.84, 14.64, 13.44, 20.03, 22.51, 22.77
2093, 10, 9.536, 7.297, 6.037, 4.75, 6.07, 6.875
2093, 11, 0.1174, -2.297, -3.58, 67.36, 93.23, 110
2093, 12, -4.158, -6.211, -7.234, 34.48, 50.92, 57.93
2094, 1, -6.155, -8.15, -9.013, 35.46, 52.26, 63.3
2094, 2, -2.462, -4.43, -5.331, 41.45, 57.21, 68.42
2094, 3, -0.5074, -3.145, -4.788, 80.85, 122, 147.6
2094, 4, 5.588, 3.012, 1.438, 54.54, 81.93, 100.9
2094, 5, 11.89, 9.311, 7.552, 10.78, 16.17, 20.93
2094, 6, 15.5, 13.61, 12.78, 16.36, 19.36, 21.49
2094, 7, 17.96, 15.81, 14.78, 65.04, 71.48, 71.06
2094, 8, 17.43, 15.49, 14.49, 43.71, 51.41, 54.54
2094, 9, 14.31, 11.84, 10.41, 70.07, 76.48, 78.25
2094, 10, 8.621, 6.03, 4.467, 22.44, 28.59, 31.89
2094, 11, -3.387, -5.629, -6.663, 74.25, 106.1, 117
2094, 12, -2.972, -5.093, -6.023, 19.13, 31.86, 45.4
2095, 1, -1.307, -3.483, -4.392, 20.5, 32.87, 45.53
2095, 2, -5.675, -7.613, -8.373, 56.77, 80.7, 93.52
2095, 3, -0.8099, -3.505, -5.265, 65.23, 91.32, 107.9
2095, 4, 7.835, 5.502, 4.158, 23.95, 35.95, 45.79
2095, 5, 10.96, 8.643, 7.137, 36.6, 58.63, 75.41
2095, 6, 16.68, 14.94, 14.15, 23.52, 26.52, 29.05
2095, 7, 16.64, 14.3, 12.98, 113, 123.6, 129.3
2095, 8, 17.13, 14.96, 13.75, 64.9, 72.61, 72.59
2095, 9, 14.22, 11.65, 10.18, 38.49, 41.18, 43.9
2095, 10, 8.702, 6.425, 5.13, 16.29, 22.7, 25.32
2095, 11, 1.721, -0.5598, -1.81, 26.19, 31.95, 35.03
2095, 12, -3.308, -5.436, -6.368, 30.52, 47.92, 55.43
2096, 1, -6.149, -8.269, -9.249, 53.28, 72.91, 85.7
2096, 2, -4.748, -6.684, -7.534, 40.31, 54.93, 61.15
2096, 3, -0.16, -2.556, -3.998, 51.18, 69.9, 85.38
2096, 4, 4.897, 2.374, 0.8293, 37.6, 57.28, 74.08
2096, 5, 11.16, 8.679, 7.04, 63.46, 80.23, 95.49
2096, 6, 12.39, 10.39, 9.384, 24.06, 31.85, 34.74
2096, 7, 19.08, 17.2, 16.42, 28.75, 35.96, 41.79
2096, 8, 18.44, 16.41, 15.27, 39.08, 48.21, 49.47
2096, 9, 15.28, 13.15, 12.12, 5.167, 7.771, 10.17
2096, 10, 10.67, 8.44, 7.197, 17.64, 23.86, 27.27
2096, 11, 0.07718, -2.531, -3.98, 67.52, 98.69, 120.4
2096, 12, -0.6835, -2.791, -3.615, 12.96, 19.9, 22.19
2097, 1, -8.649, -10.38, -10.96, 46.34, 72.89, 82.99
2097, 2, -3.488, -5.452, -6.355, 45.14, 65.54, 77.5
2097, 3, -2.587, -4.916, -6.309, 25.39, 48.26, 62.79
2097, 4, 4.78, 2.36, 0.9261, 73.44, 99.59, 114.6
2097, 5, 10.45, 7.841, 6.029, 9.404, 14.1, 17.59
2097, 6, 13.59, 11.58, 10.5, 41.95, 52.43, 63.28
2097, 7, 18.24, 16.12, 15.1, 37.43, 48.06, 53.8
2097, 8, 16.81, 14.87, 13.98, 53.35, 63.12, 75.37
2097, 9, 14.74, 12.37, 11.06, 33.24, 44.02, 49.01
2097, 10, 10.57, 8.349, 7.165, 13.2, 16.35, 18.41
2097, 11, 2.576, 0.4227, -0.635, 50.03, 78.86, 92.3
2097, 12, -3.506, -5.539, -6.405, 46.8, 72.22, 92.23
2098, 1, -4.394, -6.527, -7.434, 49.97, 72.35, 86.57
2098, 2, -3.153, -5.211, -6.146, 32.56, 47.46, 62.18
2098, 3, -0.1553, -2.468, -3.857, 50.23, 69.52, 82.12
2098, 4, 4.324, 1.585, -0.1191, 84.1, 109, 121.8
2098, 5, 10.06, 7.498, 5.724, 34.48, 51.84, 66.45
2098, 6, 12.94, 10.89, 9.76, 51.39, 63.26, 71.32
2098, 7, 18.82, 16.87, 15.94, 13.15, 16.55, 18.94
2098, 8, 18.25, 16.19, 15.08, 45.85, 53.66, 57.94
2098, 9, 14.66, 12.25, 10.92, 16.79, 19.28, 21.27
2098, 10, 11.29, 8.934, 7.67, 11.23, 16.73, 19.59
2098, 11, 2.916, 0.7419, -0.2296, 37.51, 60.1, 71.21
2098, 12, -7.165, -9.07, -9.829, 42.83, 63.3, 75.24
2099, 1, -4.605, -6.46, -6.96, 17.54, 25.49, 28.98
2099, 2, -2.115, -3.974, -4.806, 38, 53.94, 61.96
2099, 3, -1.89, -4.009, -5.254, 33.99, 53.15, 71.65
2099, 4, 3.429, 0.6985, -0.9729, 48.25, 78.58, 100.9
2099, 5, 13.77, 11.46, 9.995, 0.406, 0.6228, 0.8774
2099, 6, 19.07, 17.08, 16.2, 5.797, 7.834, 9.534
2099, 7, 21.78, 19.96, 19.25, 14.1, 20.36, 25.59
2099, 8, 19.24, 17.11, 16.08, 59.19, 69.31, 73.89
2099, 9, 15.57, 13.31, 12.1, 13.8, 16.49, 18.93
2099, 10, 10.17, 7.629, 6.06, 14.57, 19.4, 21.52
2099, 11, 0.5622, -1.554, -2.521, 9.656, 15.76, 18.81
2099, 12, -4.403, -6.605, -7.783, 33.37, 48.46, 57.56
