# Created by WEAP: 5/10/2021 8:49:00 PM

# Climate time series data extracted from NetCDF file: \\VIRACOCHA\users\David\Downloads\monthly_GFDL-CM3_rcp85.nc
# Raster grid: 368 rows x 368 columns, (53 N, 125 W) - (30 N, 102 W), 0.062 degree resolution (approximately 7 km)
# Timespan: Monthly, January 2006 - December 2099 (1,128 data points)
# Variables extracted:
#      tavg: tasmax[C]
#      Prcp: pr[mm]

# WEAP Catchment: CA_PGE_CEN_Pajaro (336,291 ha)
# Climate grid intersected and averaged over each elevation band of catchment: 0 - 1000 m (318,564 ha),  1000 - 2000 m (17,727 ha)

"$ListSeparator = ,"
"$DecimalSymbol = ."

$Columns = Year, Month, tavg[C]:Elevation 0 to 1000 m, tavg[C]:Elevation 1000 to 2000 m, Prcp[mm]:Elevation 0 to 1000 m, Prcp[mm]:Elevation 1000 to 2000 m

2006, 1, 9.062, 6.014, 68.85, 59.38
2006, 2, 11.14, 7.891, 222.5, 246.8
2006, 3, 11.96, 8.925, 71.35, 80.76
2006, 4, 12.76, 9.714, 65.71, 59.58
2006, 5, 14.82, 13.49, 0.7605, 0.203
2006, 6, 18.96, 19, 1.887, 4.588
2006, 7, 21.94, 23.84, 0.02851, 0.01023
2006, 8, 21, 21.96, 0.005949, 0.0004764
2006, 9, 19.49, 19.25, 0.01087, 0.0007312
2006, 10, 17.17, 14.93, 56.87, 55.39
2006, 11, 12.31, 8.899, 28.59, 39.86
2006, 12, 9.293, 6.092, 221, 178.4
2007, 1, 7.491, 4.625, 159, 148.6
2007, 2, 8.762, 5.464, 150, 150.5
2007, 3, 10.88, 7.858, 71.9, 78.38
2007, 4, 14.05, 11.97, 5.78, 3.918
2007, 5, 15.91, 14.81, 26.83, 29.96
2007, 6, 20.14, 20.31, 0, 0
2007, 7, 21.87, 23.33, 0.0002075, 0.0001994
2007, 8, 22.23, 23.78, 0, 0
2007, 9, 20.83, 20.62, 0.09972, 0.01099
2007, 10, 17.64, 15.53, 3.005, 0.6171
2007, 11, 11.4, 8.4, 79.53, 78.76
2007, 12, 8.605, 5.762, 102.3, 95.8
2008, 1, 8.682, 6.128, 228.8, 171.3
2008, 2, 11.33, 8.423, 163.6, 181.8
2008, 3, 11.2, 8.34, 12.47, 10.76
2008, 4, 14.02, 11.88, 15.14, 9.951
2008, 5, 18.25, 17.75, 16.23, 31.44
2008, 6, 22.48, 22.51, 0.005052, 0.0001331
2008, 7, 20.98, 22.19, 0, 0
2008, 8, 20.32, 20.52, 0.03859, 0.01276
2008, 9, 21.53, 20.65, 0.0003083, 0.0001094
2008, 10, 17.66, 16.18, 71.54, 101.6
2008, 11, 12.35, 9.58, 153.7, 186.7
2008, 12, 10.84, 7.699, 82.61, 97.67
2009, 1, 8.026, 5.092, 165.7, 162.7
2009, 2, 10.78, 7.805, 95.68, 97.82
2009, 3, 9.88, 6.541, 106.6, 89.27
2009, 4, 13.01, 10.12, 52.74, 59.63
2009, 5, 15.73, 14.69, 11.91, 14.34
2009, 6, 20.18, 20.1, 1.537, 0.9981
2009, 7, 21.64, 22.96, 0.02009, 0.001146
2009, 8, 23.1, 24.19, 0, 0
2009, 9, 21.65, 21.31, 1.658, 0.126
2009, 10, 18.71, 17.42, 1.46, 0.5113
2009, 11, 11.99, 8.771, 150.2, 129.5
2009, 12, 10.42, 7.194, 39.85, 32.22
2010, 1, 5.512, 2.407, 3.316, 1.525
2010, 2, 6.719, 3.398, 58.35, 62.88
2010, 3, 10.63, 8.255, 22.95, 13.75
2010, 4, 14.63, 13.43, 29.37, 19.87
2010, 5, 17.4, 16.93, 10.25, 4.598
2010, 6, 19.86, 20, 0.2471, 0.04684
2010, 7, 22.18, 24.13, 0, 0
2010, 8, 21.08, 21.82, 8.377, 0.5739
2010, 9, 21.91, 22.03, 0.0006564, 0.001538
2010, 10, 19.6, 17.97, 0.4586, 0.02591
2010, 11, 12.47, 9.666, 99.33, 96.32
2010, 12, 9.017, 5.731, 145.1, 108.7
2011, 1, 7.201, 4.35, 22.33, 31.36
2011, 2, 10.02, 7.143, 56.08, 60.05
2011, 3, 14.4, 12.25, 1.693, 3.737
2011, 4, 13.3, 10.75, 35.58, 34.8
2011, 5, 16.3, 15.46, 16.29, 16.11
2011, 6, 22.32, 22.31, 0.1293, 0.02606
2011, 7, 21.36, 22.8, 0.02429, 0.001298
2011, 8, 21.98, 23.29, 0.0002356, 0
2011, 9, 21.25, 20.38, 13.19, 9.726
2011, 10, 18.81, 16.71, 1.708, 1.241
2011, 11, 13.4, 10.41, 36.93, 43.56
2011, 12, 8.705, 5.002, 177.1, 132.3
2012, 1, 9.048, 6.289, 204.6, 221.4
2012, 2, 10.77, 7.68, 61.66, 44.68
2012, 3, 11.25, 8.425, 123.5, 118.4
2012, 4, 15.16, 13.01, 6.143, 4.903
2012, 5, 18.41, 18.37, 0.02136, 0.5997
2012, 6, 20.42, 21.03, 1.549, 1.967
2012, 7, 21.68, 23.4, 0.001163, 0.000282
2012, 8, 21.28, 21.96, 0.07193, 0.2703
2012, 9, 19.73, 19.64, 0.4513, 0.02721
2012, 10, 15.83, 14.39, 110.7, 92.22
2012, 11, 11.71, 8.809, 113.7, 101.2
2012, 12, 8.803, 5.489, 92.14, 103.8
2013, 1, 9.399, 6.123, 182.5, 197.7
2013, 2, 8.846, 5.476, 114, 107.2
2013, 3, 9.961, 6.459, 118.3, 99.27
2013, 4, 12.11, 8.939, 70.76, 78.27
2013, 5, 15.16, 14.6, 11.84, 3.013
2013, 6, 19.86, 20.08, 0.2638, 0.02087
2013, 7, 22.2, 23.91, 0.003365, 0.001324
2013, 8, 23.02, 24.68, 0.01255, 9.626E-5
2013, 9, 23.2, 23.18, 12.91, 10.04
2013, 10, 20.36, 18.34, 11.52, 12.21
2013, 11, 13.63, 11.05, 30.65, 34.29
2013, 12, 10.99, 8.488, 60.55, 25.97
2014, 1, 8.11, 5.42, 24.7, 21.58
2014, 2, 10.3, 7.83, 32.56, 24.8
2014, 3, 12.59, 10.34, 20.06, 12.54
2014, 4, 15.21, 13.41, 18.78, 12.67
2014, 5, 17.36, 17.47, 3.261, 2.801
2014, 6, 20.85, 22.07, 0.0133, 0.000977
2014, 7, 22.45, 24.49, 0.001001, 0.0002566
2014, 8, 20.7, 21.85, 0.02961, 0.001057
2014, 9, 21.9, 22.17, 0.06994, 0.009745
2014, 10, 19.22, 18.68, 41.21, 27.94
2014, 11, 12.04, 9.501, 45.51, 41.08
2014, 12, 8.221, 5.543, 21.24, 19.23
2015, 1, 10.17, 8.342, 3.05, 3.493
2015, 2, 11.89, 9.487, 23.61, 15
2015, 3, 18.23, 16.25, 19.15, 24.42
2015, 4, 16.74, 14.57, 0.894, 0.5897
2015, 5, 19.14, 18.93, 1.591, 0.3001
2015, 6, 20.14, 21.05, 0.00435, 0.00115
2015, 7, 21.03, 23.09, 0.01774, 0
2015, 8, 22.16, 23.72, 1.307, 0.07642
2015, 9, 18.97, 19.13, 9.097, 4.88
2015, 10, 18.51, 17.58, 0.5468, 1.509
2015, 11, 11.72, 9, 34.42, 22.32
2015, 12, 9.581, 6.864, 112.6, 102.7
2016, 1, 8.828, 6.238, 60.28, 59.37
2016, 2, 10.32, 7.407, 94.85, 105.8
2016, 3, 11.75, 8.496, 190.4, 188.5
2016, 4, 12.05, 8.943, 44.36, 41.04
2016, 5, 18.27, 17.81, 20.22, 16.73
2016, 6, 17.67, 16.79, 2.755, 9.578
2016, 7, 20.63, 21.18, 1.562, 0.009222
2016, 8, 21.5, 21.35, 0.009004, 0.008726
2016, 9, 20.55, 21.15, 0, 0
2016, 10, 18.24, 17.49, 13.81, 5.169
2016, 11, 11.36, 8.764, 44.96, 60.12
2016, 12, 8.835, 6.002, 54.44, 42.9
2017, 1, 8.704, 5.993, 319.2, 299.7
2017, 2, 10.24, 7.182, 69.86, 77.07
2017, 3, 12.07, 9.075, 52.79, 33.08
2017, 4, 14.53, 12.63, 19.6, 14.02
2017, 5, 17.19, 16.01, 23.15, 37.75
2017, 6, 19.2, 19.12, 2.121, 1.048
2017, 7, 22.92, 24.83, 0.002671, 0.0006824
2017, 8, 21.49, 22.73, 1.931, 1.853
2017, 9, 20.15, 19.51, 2.865, 3.213
2017, 10, 19.67, 17.86, 42.39, 35.1
2017, 11, 12.22, 9.743, 66.2, 66.55
2017, 12, 10.06, 7.737, 3.258, 3.406
2018, 1, 9.824, 7.652, 130.9, 131.1
2018, 2, 13.57, 10.83, 119.7, 106.2
2018, 3, 11.05, 8.49, 18.03, 18.21
2018, 4, 16.61, 15.01, 3.052, 1.066
2018, 5, 16.31, 15.18, 27.94, 38.81
2018, 6, 21.19, 21.76, 0.007415, 0.0005255
2018, 7, 21.48, 22.52, 0.0005344, 0
2018, 8, 21.57, 22.14, 0.000133, 0
2018, 9, 22.18, 22.12, 23.65, 17.83
2018, 10, 21.75, 20.01, 3.762, 7.24
2018, 11, 14.76, 13.1, 30.03, 26.26
2018, 12, 11.86, 9.328, 49.29, 30.26
2019, 1, 9.595, 7.749, 4.606, 1.17
2019, 2, 10.66, 8.077, 106.8, 133.9
2019, 3, 13.98, 11.58, 51.4, 37.39
2019, 4, 15.28, 13.3, 18.72, 22.36
2019, 5, 16.66, 15.9, 4.191, 7.689
2019, 6, 20.62, 20.39, 0.6938, 0.9293
2019, 7, 21.27, 22.29, 0, 0
2019, 8, 22.7, 23.68, 0.132, 1.425
2019, 9, 21.26, 21.6, 1.024, 0.02739
2019, 10, 17.94, 16.27, 32.36, 49.69
2019, 11, 12.95, 10.42, 5.284, 4.918
2019, 12, 8.324, 5.698, 150.7, 144.5
2020, 1, 9.105, 6.719, 177.7, 159.5
2020, 2, 10.52, 8.13, 125.7, 123.5
2020, 3, 12.09, 9.097, 80.69, 94.82
2020, 4, 14.73, 13.18, 0.1157, 0.001415
2020, 5, 17.75, 16.92, 8.238, 5.585
2020, 6, 22.12, 22.61, 0.1383, 1.728
2020, 7, 21.69, 23.12, 0.0002404, 0
2020, 8, 21.41, 21.98, 0.0249, 0.0004004
2020, 9, 20.05, 19.8, 0.01292, 0.002339
2020, 10, 20.74, 19.23, 0.02761, 1.939E-5
2020, 11, 13.25, 10.72, 40.75, 33.52
2020, 12, 12.36, 9.788, 228.4, 233.8
2021, 1, 11.14, 9.346, 37.62, 38.01
2021, 2, 13.63, 11.29, 18.27, 15.08
2021, 3, 14.37, 12.18, 30.07, 21.4
2021, 4, 15.79, 13.93, 5.691, 5.7
2021, 5, 21.49, 20.87, 0.2374, 0.6918
2021, 6, 20.75, 21.76, 0.003713, 0.000547
2021, 7, 21.74, 23.31, 0.01439, 0.001786
2021, 8, 22.6, 23.72, 0.0357, 0.3426
2021, 9, 22.48, 22.28, 0.275, 0.584
2021, 10, 17.43, 15.63, 19.13, 14.32
2021, 11, 12.48, 9.92, 99.71, 101.1
2021, 12, 10.69, 8.243, 12.33, 4.616
2022, 1, 9.606, 7.129, 150.3, 147.9
2022, 2, 11.73, 8.791, 56.38, 60.67
2022, 3, 12.65, 10.26, 56.59, 45.96
2022, 4, 14.56, 12.52, 35.88, 29.72
2022, 5, 18.17, 17.49, 2.72, 4.35
2022, 6, 19.06, 18.49, 1.4, 0.1771
2022, 7, 20.82, 21.67, 1.116, 0.1709
2022, 8, 20.2, 21.2, 0.02334, 0
2022, 9, 19.41, 19.23, 5.378, 1.428
2022, 10, 19.37, 18.07, 12.71, 7.047
2022, 11, 13.74, 11.39, 20.53, 13.8
2022, 12, 9.035, 6.242, 165.6, 187.1
2023, 1, 9.484, 6.651, 205.3, 231.2
2023, 2, 9.133, 6.611, 47.67, 44.67
2023, 3, 11.74, 8.698, 31.65, 36.11
2023, 4, 11.53, 8.568, 38.45, 42.42
2023, 5, 17.88, 18.25, 0.7304, 0.1048
2023, 6, 20.6, 21.33, 0.05361, 0.01579
2023, 7, 23.47, 24.67, 0.4577, 1.958
2023, 8, 22.35, 24.32, 0.001826, 0.0002885
2023, 9, 22.21, 22.7, 0.04714, 0
2023, 10, 21.55, 20.29, 50.22, 32.38
2023, 11, 13.33, 10.8, 34.61, 38.84
2023, 12, 10.68, 8.205, 6.055, 2.355
2024, 1, 9.069, 6.916, 45.69, 34.07
2024, 2, 10.19, 7.344, 175.6, 174.7
2024, 3, 13.72, 11.58, 77.91, 60.96
2024, 4, 13.23, 11.19, 9.374, 5.915
2024, 5, 16.88, 15.76, 10.32, 5.822
2024, 6, 19.57, 19.55, 2.404, 5.009
2024, 7, 21.89, 23.19, 0.03365, 0.007133
2024, 8, 22.56, 23.49, 1.887, 0.9517
2024, 9, 23.74, 23.13, 0.0008285, 0.0005253
2024, 10, 17.67, 16.36, 14.73, 3.773
2024, 11, 15.16, 13.13, 18.28, 14.67
2024, 12, 8.873, 5.982, 50.04, 41.81
2025, 1, 11.7, 9.518, 16.53, 13.18
2025, 2, 12.19, 9.714, 43.94, 26.25
2025, 3, 11.39, 7.892, 94.94, 79.92
2025, 4, 14.06, 12.33, 26.64, 19.93
2025, 5, 16.6, 15.92, 49.59, 88.51
2025, 6, 21.61, 22.09, 0.003809, 0.0003
2025, 7, 21.63, 23.92, 0.0234, 0.000628
2025, 8, 23.89, 25.56, 0.03737, 0.01418
2025, 9, 20.84, 21.56, 4.999, 2.778
2025, 10, 18.18, 16.63, 0.6279, 0.3714
2025, 11, 12.23, 9.622, 91.73, 90.34
2025, 12, 9.383, 6.329, 136.8, 126.3
2026, 1, 10.07, 7.342, 247.2, 322.1
2026, 2, 10.75, 7.837, 118.3, 84.73
2026, 3, 13.59, 10.75, 91.82, 102.2
2026, 4, 16.22, 13.74, 13.06, 24.28
2026, 5, 15.43, 13.96, 34.28, 39.36
2026, 6, 20.15, 20.14, 0.01986, 0.002934
2026, 7, 22.58, 23.31, 1.908, 3.248
2026, 8, 21.31, 21.72, 5.347, 0.244
2026, 9, 22.29, 22.25, 0.08579, 0.009073
2026, 10, 18.93, 17.46, 0.6562, 3.273
2026, 11, 12.07, 9.054, 63.44, 42.86
2026, 12, 9.744, 6.467, 69.22, 84.24
2027, 1, 10.36, 7.678, 184.9, 168.9
2027, 2, 11.14, 7.881, 136.1, 125.9
2027, 3, 13.22, 10.67, 81.14, 102.5
2027, 4, 13.09, 10.53, 31.85, 56.9
2027, 5, 15.07, 13.42, 26.79, 18.11
2027, 6, 19.04, 18.13, 1.204, 0.2802
2027, 7, 23.47, 24.86, 0.1233, 3.368
2027, 8, 21.98, 22.57, 0.06913, 0.002382
2027, 9, 22.2, 22.13, 0.09583, 0.008348
2027, 10, 21.19, 19.57, 41.64, 30.41
2027, 11, 13.74, 11.26, 15.76, 4.822
2027, 12, 8.803, 6.049, 88.95, 79.29
2028, 1, 12.21, 10.64, 29.4, 31.08
2028, 2, 12.65, 9.935, 26.39, 13.17
2028, 3, 15.04, 13.46, 1.174, 0.4006
2028, 4, 15.17, 13.63, 20.24, 17.57
2028, 5, 19.84, 19.66, 1.208, 0.1129
2028, 6, 23.79, 25.49, 0, 0
2028, 7, 23.33, 25.44, 0.00903, 0.00525
2028, 8, 23.2, 25.07, 6.757, 18.98
2028, 9, 21.92, 22.06, 0, 0
2028, 10, 18.04, 16.22, 35.74, 60.05
2028, 11, 15.29, 13.06, 109.9, 119.6
2028, 12, 10.62, 8.174, 62.44, 39.53
2029, 1, 9.824, 7.486, 116.7, 82.06
2029, 2, 13.45, 11.35, 180.8, 169
2029, 3, 13.73, 11.44, 114.5, 100.8
2029, 4, 13.82, 11.52, 31.63, 27.12
2029, 5, 18.26, 18.13, 0, 0
2029, 6, 19.54, 18.93, 4.595, 6.645
2029, 7, 21.77, 23.91, 0.004695, 0.001793
2029, 8, 21.18, 22.69, 0.04587, 0.05569
2029, 9, 23.34, 24, 4.547, 18.28
2029, 10, 20.53, 19.34, 0.0005271, 0.0001916
2029, 11, 14.29, 12.58, 43.54, 42.13
2029, 12, 12.64, 9.815, 218.1, 222.5
2030, 1, 9.737, 7.184, 205.2, 205.3
2030, 2, 10.93, 8.468, 147.4, 166.1
2030, 3, 10.67, 7.542, 188, 204.4
2030, 4, 12.39, 9.538, 59.95, 69.58
2030, 5, 17.08, 16.61, 0.3321, 0.09882
2030, 6, 20.98, 20.66, 0.9819, 4.54
2030, 7, 22.15, 23.61, 1.398, 0.5254
2030, 8, 22.64, 24.15, 0.113, 0.7927
2030, 9, 21.74, 21.59, 38.4, 26.39
2030, 10, 20.34, 18.14, 14.71, 13.67
2030, 11, 14.39, 11.77, 127, 93.71
2030, 12, 11.36, 8.717, 12.74, 7.019
2031, 1, 8.956, 6.442, 35.91, 41.95
2031, 2, 13.64, 11.3, 76.59, 71.89
2031, 3, 11.97, 9.414, 35.9, 34.15
2031, 4, 15.14, 13.27, 14.52, 9.666
2031, 5, 18.9, 18.96, 2.047, 1.306
2031, 6, 20.6, 20.88, 0.8109, 2.945
2031, 7, 21.2, 23.21, 0.006854, 0.001678
2031, 8, 22.36, 24.13, 0.0001386, 0
2031, 9, 22.16, 21.57, 0.04334, 0.01374
2031, 10, 20.18, 18.99, 20.4, 33.41
2031, 11, 11.55, 8.512, 53.68, 50.8
2031, 12, 9.545, 6.704, 71.7, 101
2032, 1, 10.13, 7.328, 207.3, 213.5
2032, 2, 9.784, 6.485, 75.74, 49.08
2032, 3, 11.84, 8.766, 87.54, 81.3
2032, 4, 14.61, 12.31, 46.08, 36.62
2032, 5, 16.99, 16.2, 19.09, 11.26
2032, 6, 21.74, 22.71, 0.001876, 0.0003576
2032, 7, 21.94, 23.63, 1.007, 1.116
2032, 8, 20.43, 20.65, 0.008854, 0.001286
2032, 9, 19.21, 18.23, 1.444, 0.08726
2032, 10, 18.56, 17.02, 0.2026, 0.3238
2032, 11, 15.22, 13.16, 6.507, 7.624
2032, 12, 6.275, 3.141, 65.76, 54.79
2033, 1, 8.271, 5.14, 148.9, 161.9
2033, 2, 10.47, 7.324, 73.94, 81.13
2033, 3, 11.54, 8.694, 103, 98.6
2033, 4, 15.88, 13.44, 32.18, 30.83
2033, 5, 17.36, 16.02, 10.08, 16.59
2033, 6, 22.24, 22.63, 0.185, 1.965
2033, 7, 21.57, 22.34, 0.2215, 0.4434
2033, 8, 24.85, 26.42, 0.05017, 0.4353
2033, 9, 24.29, 24.08, 0.5088, 0.05216
2033, 10, 19.16, 18.11, 3.039, 2.927
2033, 11, 13.1, 10.04, 87.27, 96.59
2033, 12, 8.025, 5.109, 17.89, 8.848
2034, 1, 8.056, 5.355, 27.51, 24.61
2034, 2, 14.35, 12.18, 0.03014, 0.06141
2034, 3, 11.69, 9.493, 11.51, 4.237
2034, 4, 16.96, 15.93, 15.1, 11.35
2034, 5, 18.35, 18.27, 14.08, 6.928
2034, 6, 21.31, 22.16, 0, 0
2034, 7, 22.28, 23.81, 0.01096, 0.008709
2034, 8, 23.27, 25.28, 0.000191, 0.000225
2034, 9, 20.69, 21.25, 0.9971, 0.1014
2034, 10, 20.68, 19.32, 14.61, 25.41
2034, 11, 15.13, 12.7, 12.86, 1.865
2034, 12, 12.07, 9.53, 70.97, 86.93
2035, 1, 11.26, 8.821, 165.8, 167
2035, 2, 12.53, 9.591, 74.62, 63.89
2035, 3, 12.57, 9.607, 174.6, 172.9
2035, 4, 14.13, 11.13, 26.02, 24.49
2035, 5, 15.91, 15.12, 3.72, 1.841
2035, 6, 20.15, 19.54, 0, 0
2035, 7, 22.89, 24.43, 0.005259, 0.001542
2035, 8, 21.65, 22.49, 0.09739, 0.3747
2035, 9, 22.59, 22.67, 0.8181, 0.06592
2035, 10, 16.27, 14.33, 41.32, 55.56
2035, 11, 11.24, 8.057, 65.01, 97.62
2035, 12, 8.448, 5.116, 116.7, 107.9
2036, 1, 9.116, 6.557, 164.1, 175.8
2036, 2, 9.884, 6.561, 36.25, 29.76
2036, 3, 11.56, 8.586, 125, 104.9
2036, 4, 13.28, 10.2, 89.82, 73.11
2036, 5, 15.64, 14.38, 2.356, 0.823
2036, 6, 19.08, 18.74, 1.208, 4.873
2036, 7, 22.08, 24.03, 0.0006827, 0
2036, 8, 22.01, 22.45, 0.04581, 1.207
2036, 9, 21.05, 20.12, 2.464, 1.264
2036, 10, 21.77, 21.55, 0.02083, 0
2036, 11, 15.4, 13.37, 58.19, 51.23
2036, 12, 12.4, 9.496, 45.23, 37.94
2037, 1, 10.16, 7.155, 305.8, 343.3
2037, 2, 10.3, 6.757, 124.9, 128.8
2037, 3, 11.64, 8.158, 103.7, 116.2
2037, 4, 15.01, 12.28, 61.71, 56.62
2037, 5, 16.53, 15.29, 3.16, 5.289
2037, 6, 20.27, 20.46, 0.001515, 2.775E-5
2037, 7, 22.93, 24.62, 0.009164, 0.005039
2037, 8, 21.54, 21.81, 0.0001038, 0
2037, 9, 24.88, 25.19, 0.07288, 0.001584
2037, 10, 18.93, 17.36, 5.507, 12.82
2037, 11, 14.05, 11.61, 135.5, 124.6
2037, 12, 11.24, 8.995, 72.11, 37.86
2038, 1, 10.41, 8.286, 41.43, 38.28
2038, 2, 11.11, 8.528, 117.9, 133.5
2038, 3, 12.75, 9.837, 12.79, 7.341
2038, 4, 19.29, 17.46, 52.47, 56.78
2038, 5, 18.58, 17.42, 7.614, 13.79
2038, 6, 21.4, 21.89, 9.936, 7.776
2038, 7, 23.64, 25.66, 0.01007, 0.003139
2038, 8, 23.16, 24.71, 0.05371, 0.06069
2038, 9, 20.9, 20.34, 5.538, 4.811
2038, 10, 18.57, 17.11, 1.468, 1.063
2038, 11, 14.89, 12.61, 24.09, 17.49
2038, 12, 11.47, 9.08, 69.21, 86.12
2039, 1, 8.771, 6.522, 110.4, 125.9
2039, 2, 11.49, 8.32, 209.1, 220.7
2039, 3, 14.07, 11.1, 46.64, 59.42
2039, 4, 16.48, 14.21, 34.44, 11.79
2039, 5, 17.05, 15.56, 3.479, 3.824
2039, 6, 19.87, 19.74, 2.883, 3.202
2039, 7, 21.93, 23.6, 0.03952, 0.004358
2039, 8, 23.39, 24.86, 0.01019, 0.0009656
2039, 9, 20.7, 20.41, 0.6464, 0.01813
2039, 10, 15.94, 14.18, 37.83, 18.05
2039, 11, 15.8, 13.9, 46.88, 59.44
2039, 12, 11.39, 8.897, 112.8, 97.91
2040, 1, 14.29, 12.55, 65.57, 45.3
2040, 2, 10.59, 7.836, 67.72, 58.28
2040, 3, 14.4, 12.04, 64.34, 69.98
2040, 4, 16.59, 14.75, 39.3, 25.8
2040, 5, 17.48, 16.58, 0.4835, 0.07115
2040, 6, 20.79, 21.46, 0.0301, 0.001663
2040, 7, 22.09, 23.01, 1.837, 0.1042
2040, 8, 22.53, 23.61, 0.3273, 0.03079
2040, 9, 24.58, 25.18, 0.06982, 0
2040, 10, 19.65, 18.27, 26.36, 23.23
2040, 11, 12.09, 9.453, 22.22, 8.203
2040, 12, 8.233, 5.551, 153.8, 123.6
2041, 1, 9.889, 7.697, 198.1, 149.5
2041, 2, 9.495, 6.334, 84.72, 77.07
2041, 3, 12.15, 9.3, 144.1, 157.6
2041, 4, 15.59, 13.78, 17.27, 7.468
2041, 5, 19.76, 20.39, 0.2997, 0.03089
2041, 6, 21.67, 21.38, 1.934, 2.201
2041, 7, 23.24, 24.62, 0.008192, 0.01789
2041, 8, 24.47, 26.32, 0.00678, 0.007731
2041, 9, 23.13, 22.88, 11.18, 17
2041, 10, 20.41, 18.29, 6.625, 5.562
2041, 11, 14.93, 12.14, 59.63, 47.35
2041, 12, 9.289, 6.538, 7.276, 6.734
2042, 1, 10.29, 8.357, 20.91, 14.24
2042, 2, 12.71, 9.892, 163.5, 141.6
2042, 3, 12.71, 10.22, 33.28, 24.15
2042, 4, 13.88, 11.13, 14.08, 10.6
2042, 5, 18.63, 17.43, 1.017, 0.6942
2042, 6, 22.6, 24.2, 0, 0
2042, 7, 23.46, 25.56, 0.001216, 0
2042, 8, 21.97, 22.8, 0.2541, 0.269
2042, 9, 24.48, 24.6, 0.07996, 0.01754
2042, 10, 17.51, 15.92, 1.934, 0.4185
2042, 11, 12.23, 9.786, 117.6, 71.75
2042, 12, 9.872, 6.655, 49.8, 34.18
2043, 1, 10.12, 8.315, 36.62, 41.16
2043, 2, 11.47, 8.884, 89.7, 89.76
2043, 3, 14.24, 11.75, 41.58, 50.77
2043, 4, 16.35, 14.07, 31.37, 21.94
2043, 5, 17.51, 15.81, 14.27, 10.03
2043, 6, 21.8, 22.4, 0.07705, 0.01246
2043, 7, 25.23, 27.25, 0.8403, 0.1881
2043, 8, 23.99, 24.79, 0.001719, 0.0007073
2043, 9, 25.8, 25.97, 0.0007242, 0.001437
2043, 10, 22.42, 20.95, 43.25, 56.56
2043, 11, 14.87, 12.36, 129, 110.2
2043, 12, 10.14, 7.31, 30.91, 38.83
2044, 1, 10.76, 8.246, 160, 124.3
2044, 2, 11.91, 8.945, 152.2, 140
2044, 3, 13.08, 10.68, 118.3, 139.7
2044, 4, 14.67, 12.64, 17.68, 9.574
2044, 5, 16.99, 15.58, 20.26, 22.78
2044, 6, 19.83, 19.7, 4.19, 3.137
2044, 7, 22.34, 23.84, 0.4583, 0.01507
2044, 8, 22.62, 24.76, 0.01481, 0
2044, 9, 22.08, 22.47, 0.347, 0.02948
2044, 10, 18.36, 16.59, 3.262, 3.285
2044, 11, 13.37, 11.18, 91.82, 67.96
2044, 12, 10.57, 8.184, 87.85, 67.91
2045, 1, 9.397, 6.713, 55.82, 39.45
2045, 2, 13.41, 11.25, 69.95, 66.82
2045, 3, 15.31, 12.42, 107.8, 98.25
2045, 4, 16.89, 15.01, 13.36, 13.9
2045, 5, 17.06, 15.54, 7.274, 4.565
2045, 6, 22.08, 22.43, 0.005824, 0.01668
2045, 7, 23.62, 25.5, 0.0004269, 0.0001239
2045, 8, 22.53, 24.19, 0.015, 0
2045, 9, 24.71, 25.04, 7.336, 3.286
2045, 10, 23.84, 21.97, 0.0744, 0.004846
2045, 11, 16.77, 14.46, 21.61, 9.187
2045, 12, 10.2, 7.654, 94.82, 94.13
2046, 1, 9.529, 7.344, 161.3, 163.4
2046, 2, 11.61, 8.237, 160.5, 145.2
2046, 3, 13.26, 10.66, 201.1, 307
2046, 4, 13.35, 10.54, 20.87, 13.87
2046, 5, 17.2, 16.06, 1.162, 0.5411
2046, 6, 19.24, 18.99, 0.005528, 0.0005636
2046, 7, 22.98, 24.61, 0.412, 0.04102
2046, 8, 22.94, 24.64, 0.1433, 0.5745
2046, 9, 21.29, 21.96, 0.03802, 0.001771
2046, 10, 18.71, 17.14, 0.0002508, 7.138E-5
2046, 11, 13.55, 11.01, 20.38, 15.53
2046, 12, 10.65, 7.743, 50.81, 25.95
2047, 1, 9.254, 6.579, 109.4, 100.1
2047, 2, 11.39, 8.425, 26.48, 27.93
2047, 3, 11.87, 9.212, 34.93, 21.93
2047, 4, 14.18, 11.7, 52.97, 43.41
2047, 5, 18.23, 17.51, 0.7505, 1.904
2047, 6, 21.04, 21.51, 0.9288, 0.3954
2047, 7, 23.16, 24.39, 0.1007, 2.435
2047, 8, 23.84, 24.38, 0.01579, 0.00218
2047, 9, 24.55, 24.84, 0.8131, 0.02317
2047, 10, 18.85, 16.75, 34.51, 27.63
2047, 11, 14.03, 11.19, 47.31, 35.17
2047, 12, 13.1, 10.36, 14.98, 14.58
2048, 1, 10.36, 8.061, 102.9, 114
2048, 2, 12.61, 9.763, 93.93, 73.7
2048, 3, 11.2, 8.334, 84.3, 83.98
2048, 4, 14.08, 11.07, 121.3, 154.8
2048, 5, 17.8, 16.72, 11.26, 21.99
2048, 6, 21.55, 21.69, 0.1262, 0.004364
2048, 7, 23.3, 25.76, 0.0004855, 0.0001152
2048, 8, 22.49, 23.9, 0.01484, 0.02706
2048, 9, 22.08, 21.8, 0.02601, 0.004204
2048, 10, 21.5, 20.01, 0.3227, 0.1144
2048, 11, 16.69, 14.26, 83.92, 104.2
2048, 12, 10.79, 7.987, 97.38, 94.84
2049, 1, 10.38, 8.103, 4.502, 2.795
2049, 2, 11.82, 9.069, 78.14, 61.15
2049, 3, 14.55, 12.58, 16.66, 7.22
2049, 4, 16.33, 14.72, 20, 17.66
2049, 5, 17.48, 16.59, 9.976, 9.334
2049, 6, 20.41, 21.02, 0.9005, 0.7313
2049, 7, 22.96, 24.5, 0.01319, 0.01051
2049, 8, 22.76, 24.54, 0.086, 0.00237
2049, 9, 26.46, 26.44, 0.004773, 0.003272
2049, 10, 21.7, 20.33, 1.549, 7.786
2049, 11, 15.08, 12.65, 33.43, 33.19
2049, 12, 11.85, 9.666, 73.43, 63.18
2050, 1, 12.07, 9.996, 65.26, 69.82
2050, 2, 13.85, 11.42, 10.46, 11.75
2050, 3, 15.05, 12.83, 61.93, 79.39
2050, 4, 15.57, 13.45, 19.02, 13.54
2050, 5, 19.11, 18.1, 10.52, 8.886
2050, 6, 21.36, 21.71, 0.1128, 0.4276
2050, 7, 23.14, 24.32, 0.04497, 0.01251
2050, 8, 23.1, 24.21, 0.04877, 0.003256
2050, 9, 22.27, 22.38, 0.0562, 0.007247
2050, 10, 20.71, 19.56, 0.0564, 0.03877
2050, 11, 14.71, 12.68, 2.667, 2.44
2050, 12, 11.86, 9.876, 139.2, 170.2
2051, 1, 10.01, 7.876, 235, 225.9
2051, 2, 13.47, 10.64, 144.4, 147.1
2051, 3, 12.88, 10.37, 32.54, 38.02
2051, 4, 14.39, 12.18, 58.61, 53.64
2051, 5, 17.94, 17.07, 1.719, 0.4914
2051, 6, 21.25, 20.54, 0.06079, 0.006054
2051, 7, 23.29, 24.33, 4.203, 1.837
2051, 8, 24.54, 26.85, 2.334, 13.59
2051, 9, 22.53, 22.19, 0.5084, 1.727
2051, 10, 21.81, 20.22, 92.72, 95.1
2051, 11, 13.23, 10.99, 26.97, 26.52
2051, 12, 11.42, 8.449, 85.43, 48.06
2052, 1, 10.68, 8.731, 162.9, 154.9
2052, 2, 13.92, 11.52, 152, 177.4
2052, 3, 11.87, 9.663, 40.2, 31.12
2052, 4, 17.56, 16.39, 9.952, 7.975
2052, 5, 20.25, 20.02, 0.5488, 0.009523
2052, 6, 22.67, 23.52, 0.07098, 0.0002489
2052, 7, 24.05, 26.6, 0.001419, 0.000492
2052, 8, 24.43, 26.47, 0.0005288, 0.0008256
2052, 9, 23.8, 24.29, 0.003336, 0.0003936
2052, 10, 21.16, 19.8, 4.198, 11.32
2052, 11, 14.28, 11.52, 52.36, 46.85
2052, 12, 11.87, 9.64, 110.6, 92.83
2053, 1, 11.5, 9.242, 278.4, 365.8
2053, 2, 11.96, 9.011, 156.2, 187
2053, 3, 11.88, 8.931, 88.13, 79.36
2053, 4, 14.21, 12.11, 69.87, 60.31
2053, 5, 17.96, 17.06, 19.74, 16.06
2053, 6, 21.28, 20.61, 9.317, 3.378
2053, 7, 24.54, 25.7, 0.001393, 0.000381
2053, 8, 24.67, 25.84, 0.1068, 0.0008606
2053, 9, 23.58, 23.88, 0.001678, 0.0004917
2053, 10, 19.03, 17.51, 3.057, 1.852
2053, 11, 14.82, 12.2, 9.474, 6.639
2053, 12, 8.045, 5.302, 97.17, 119
2054, 1, 10.4, 8.384, 0.6386, 0.5308
2054, 2, 13.03, 10.22, 47.25, 40.2
2054, 3, 12.04, 9.394, 47.46, 37.35
2054, 4, 13.58, 11.92, 10.92, 8.407
2054, 5, 18.82, 17.81, 6.499, 9.15
2054, 6, 23.17, 25.98, 0.3608, 2.583
2054, 7, 24.3, 26.13, 0.003371, 0.001816
2054, 8, 22.38, 24.08, 0.07838, 0
2054, 9, 22.48, 22.35, 0.2564, 0.9236
2054, 10, 18.97, 16.7, 31.25, 49.97
2054, 11, 15.43, 12.68, 37.31, 21.74
2054, 12, 11.64, 8.808, 62.61, 52.03
2055, 1, 10.18, 7.728, 126.8, 109.3
2055, 2, 12.99, 10.15, 65.52, 57.43
2055, 3, 12.41, 9.34, 120.8, 128.2
2055, 4, 15.42, 13.24, 13.08, 9.975
2055, 5, 18.41, 17.01, 3.044, 5.917
2055, 6, 21.7, 21.9, 0.1088, 0.1073
2055, 7, 23.18, 24.67, 0.01479, 0.013
2055, 8, 23.79, 26.32, 0.01227, 0.0003426
2055, 9, 22.95, 22.98, 3.728, 0.293
2055, 10, 19.82, 19.3, 0.001699, 0.001902
2055, 11, 13, 10.31, 8.681, 5.626
2055, 12, 7.646, 4.765, 41.17, 24.81
2056, 1, 9.542, 7.149, 50.71, 42.57
2056, 2, 15.32, 13.08, 16.54, 13.7
2056, 3, 15.68, 13.16, 149.4, 225.2
2056, 4, 21.48, 19.96, 10.75, 9.015
2056, 5, 19.85, 18.81, 2.872, 5.039
2056, 6, 23.82, 24.57, 3.882, 8.824
2056, 7, 23.74, 25.79, 0.1003, 0.0179
2056, 8, 22.6, 24.39, 0.02712, 0
2056, 9, 23.28, 23.04, 166.5, 49.98
2056, 10, 20.56, 18.23, 53.03, 42.9
2056, 11, 13.4, 10.2, 26.23, 37.48
2056, 12, 10, 7.26, 241.7, 261.2
2057, 1, 11.92, 9.801, 69.79, 77.83
2057, 2, 13.27, 10.53, 101, 71.67
2057, 3, 13.79, 11.09, 65.27, 78.27
2057, 4, 15.5, 13.27, 25.16, 22.67
2057, 5, 20.58, 19.72, 0.6616, 0.472
2057, 6, 23.47, 24.91, 0.000273, 0
2057, 7, 23.26, 25.44, 7.392, 10.1
2057, 8, 23.66, 24.82, 18.9, 26.71
2057, 9, 24.31, 24.39, 10.73, 3.631
2057, 10, 21.63, 19.66, 19.42, 27.57
2057, 11, 15.36, 13.02, 105.3, 77.66
2057, 12, 13.08, 10.83, 78.05, 56.37
2058, 1, 10.63, 8.396, 154.8, 129.4
2058, 2, 11.49, 7.889, 156.5, 147.2
2058, 3, 11.63, 8.41, 69.29, 62.42
2058, 4, 15.58, 13.18, 34.37, 40.2
2058, 5, 17.81, 16.9, 9.62, 11.62
2058, 6, 22, 21.38, 5.495, 11.15
2058, 7, 23.1, 24.17, 0.02108, 0.001119
2058, 8, 23.19, 24.16, 0.0869, 0.5522
2058, 9, 24.36, 25.06, 0.5666, 0.01959
2058, 10, 19.59, 18.55, 1.168, 0.6147
2058, 11, 16.24, 14.39, 39.54, 45.32
2058, 12, 9.173, 6.345, 204.2, 261.9
2059, 1, 11.2, 8.868, 30.48, 39.68
2059, 2, 13.51, 10.84, 141.3, 131
2059, 3, 13.68, 10.55, 120.8, 103.4
2059, 4, 14.8, 12.53, 13.4, 13.35
2059, 5, 17.72, 15.81, 23.24, 24.9
2059, 6, 21.22, 20.13, 2.431, 1.317
2059, 7, 24.7, 26.26, 0.003938, 0.004725
2059, 8, 24.01, 26.14, 0.04645, 8.108E-5
2059, 9, 23.14, 22.96, 2.027, 0.9501
2059, 10, 17.16, 15.31, 19.99, 18.04
2059, 11, 15.23, 13.14, 28, 15.25
2059, 12, 13.26, 10.66, 243.8, 248
2060, 1, 12.87, 11.04, 100.7, 100.2
2060, 2, 12.1, 9.313, 125, 107.8
2060, 3, 14.2, 11.12, 89.54, 72.34
2060, 4, 16.95, 14.75, 27.96, 19.1
2060, 5, 16.79, 15.29, 5.675, 6.795
2060, 6, 23.99, 25.12, 0.01042, 0.003946
2060, 7, 23.6, 26.08, 0.006157, 0.0007417
2060, 8, 24.7, 26.24, 0.02253, 0.004564
2060, 9, 23.92, 23.55, 0.02149, 0.006635
2060, 10, 21.98, 20.13, 5.513, 6.276
2060, 11, 15.64, 12.94, 44.22, 18.5
2060, 12, 10.22, 7.623, 136.7, 141
2061, 1, 10.4, 8.06, 46.14, 43.17
2061, 2, 13.01, 9.932, 67.41, 69.12
2061, 3, 14.68, 12.38, 76.58, 65.84
2061, 4, 17.72, 16.13, 12.81, 6.239
2061, 5, 21.48, 20.33, 22.77, 25.76
2061, 6, 23.44, 23.82, 0.012, 0
2061, 7, 23.57, 25.67, 0.03052, 0.02918
2061, 8, 23.36, 24.36, 0.4686, 7.574
2061, 9, 22.88, 22.79, 0.0003858, 0
2061, 10, 22.32, 20.42, 7.985, 10.42
2061, 11, 14.68, 12.25, 125.7, 136.1
2061, 12, 12.65, 9.948, 198.8, 200.6
2062, 1, 11.51, 9.654, 129.4, 112.8
2062, 2, 12.6, 9.468, 207.1, 182.7
2062, 3, 13.13, 10.39, 179.3, 172.3
2062, 4, 14.83, 12.26, 60.2, 76.63
2062, 5, 17.7, 16.77, 14.65, 12.42
2062, 6, 21.37, 20.89, 22.81, 19.26
2062, 7, 25.51, 25.52, 0.008323, 0.001803
2062, 8, 24.17, 25, 0.2707, 5.037
2062, 9, 23.89, 24.19, 0.001022, 0.0001861
2062, 10, 22.34, 20.79, 26.28, 51.98
2062, 11, 14.93, 12.15, 72.76, 86.42
2062, 12, 12.03, 9.545, 82.58, 80.26
2063, 1, 12.91, 10.67, 109.8, 83.82
2063, 2, 12.85, 9.836, 187.6, 192.6
2063, 3, 13.89, 11.31, 29.96, 36.6
2063, 4, 15.61, 12.52, 50.89, 36.01
2063, 5, 18.02, 16.56, 4.129, 4.49
2063, 6, 23.06, 23.51, 1.638, 2.285
2063, 7, 24.01, 25.46, 0.005872, 0.002006
2063, 8, 24.68, 25.78, 0.01635, 0
2063, 9, 27.06, 27.5, 0.02234, 0
2063, 10, 23.29, 21.3, 148, 156.6
2063, 11, 15.87, 13.26, 116.3, 105.3
2063, 12, 12.61, 10.1, 34.67, 33.04
2064, 1, 10.81, 8.356, 200, 208.2
2064, 2, 13.86, 10.77, 70.41, 76.8
2064, 3, 14.36, 11.71, 84.45, 68.21
2064, 4, 16.51, 14.28, 34.27, 36.95
2064, 5, 19.44, 18.52, 0.001907, 0
2064, 6, 22.31, 23.29, 0.01225, 0
2064, 7, 24.93, 26.79, 0.007652, 0.001363
2064, 8, 23.61, 25.55, 0.002482, 1.584E-5
2064, 9, 26.93, 27.6, 1.417, 0.6534
2064, 10, 22.24, 20.87, 20.05, 9.794
2064, 11, 13.7, 11.11, 86.3, 106.7
2064, 12, 11.35, 8.831, 157.8, 126.3
2065, 1, 13.14, 10.93, 121.2, 79.89
2065, 2, 13.37, 10.48, 156.3, 153.1
2065, 3, 13.34, 10.59, 229.9, 233.5
2065, 4, 13.12, 10.57, 20.67, 26.44
2065, 5, 17.69, 17.1, 0.07351, 0.002002
2065, 6, 23.39, 23.46, 0.3584, 1.174
2065, 7, 24.2, 25.16, 0.007958, 0.003832
2065, 8, 26, 27.72, 0.008319, 0.0001188
2065, 9, 22.54, 21.82, 2.736, 3.603
2065, 10, 21.85, 19.8, 44.42, 65.2
2065, 11, 15.13, 12.31, 39.57, 62.98
2065, 12, 9.084, 6.273, 154.5, 166.1
2066, 1, 12.12, 9.577, 61.81, 66.06
2066, 2, 15.16, 12.52, 154.2, 138.7
2066, 3, 14.7, 11.66, 282.4, 323.9
2066, 4, 17.5, 15.54, 5.75, 2.393
2066, 5, 20.05, 18.62, 5.799, 12.19
2066, 6, 23.62, 23.38, 2.531, 3.37
2066, 7, 24.12, 25.63, 0.006089, 0.002575
2066, 8, 24.39, 26.01, 0.0002451, 0
2066, 9, 25.51, 24.71, 3.658, 11.34
2066, 10, 21.28, 20.14, 13.55, 5.614
2066, 11, 15.48, 12.44, 45.03, 48.2
2066, 12, 9.016, 6.209, 68.21, 85.78
2067, 1, 11.48, 8.856, 177.3, 163.1
2067, 2, 13.33, 10.26, 115.6, 93.1
2067, 3, 13.85, 11.17, 183.3, 245.8
2067, 4, 16.22, 13.99, 176, 213.2
2067, 5, 17.66, 16.15, 5.052, 3.223
2067, 6, 20.77, 19.26, 0.1361, 1.877
2067, 7, 24.06, 24.98, 0.09432, 0.02247
2067, 8, 23.57, 24.33, 0.000751, 0
2067, 9, 27.47, 27.14, 23.24, 20.41
2067, 10, 21.93, 19.42, 10.34, 10.79
2067, 11, 16.82, 14.21, 74.01, 75.09
2067, 12, 13.23, 10.36, 171.3, 135
2068, 1, 12.37, 9.988, 157.2, 139.3
2068, 2, 12.25, 9.133, 194.8, 181.1
2068, 3, 13.89, 11.16, 95.57, 100.3
2068, 4, 15.78, 12.87, 84.12, 80.44
2068, 5, 18.02, 16.1, 2.863, 5.976
2068, 6, 22.55, 22.01, 0.02777, 0
2068, 7, 25.53, 26.72, 0.6868, 0.3496
2068, 8, 24, 25.11, 0.3607, 2.054
2068, 9, 27.06, 27.01, 0.06291, 0.004601
2068, 10, 23.81, 21.25, 36.22, 32.43
2068, 11, 19.65, 17.36, 63.88, 63.47
2068, 12, 11.83, 9.544, 27.48, 7.473
2069, 1, 11.56, 9.416, 21.98, 13.54
2069, 2, 16.73, 14.72, 43.61, 30.84
2069, 3, 13.53, 11.19, 6.735, 3.786
2069, 4, 16.5, 15.14, 12.84, 5.649
2069, 5, 21.1, 20.95, 0.05244, 0.007071
2069, 6, 22.54, 24.8, 0.004889, 0.001609
2069, 7, 24.06, 24.85, 0.0009114, 0.0001832
2069, 8, 24.54, 25.88, 0.4543, 5.693
2069, 9, 25.74, 25.01, 0.03042, 0.004161
2069, 10, 22.26, 20.94, 0.1781, 0.4971
2069, 11, 14.04, 11.34, 16.75, 8.25
2069, 12, 12.77, 11.11, 210.2, 202.5
2070, 1, 11.79, 9.752, 192.5, 190.1
2070, 2, 13.22, 11.01, 45.06, 29.17
2070, 3, 13.86, 11.11, 167, 155.3
2070, 4, 16.27, 14.67, 26.64, 19.07
2070, 5, 18.23, 17.32, 8.66, 7.083
2070, 6, 23.75, 24.97, 0.4324, 1.513
2070, 7, 24.82, 26.73, 0.007442, 0.03303
2070, 8, 24.88, 26.58, 0.0003373, 0
2070, 9, 23.92, 24.14, 0.005193, 0.0002154
2070, 10, 25.43, 24.17, 67.53, 55.25
2070, 11, 15.45, 13, 44.04, 32.84
2070, 12, 10.81, 8.025, 44.57, 46.86
2071, 1, 10.72, 8.042, 118.3, 89.56
2071, 2, 11.35, 8.127, 257, 311.8
2071, 3, 13.57, 11.13, 102.2, 120.8
2071, 4, 15.83, 13.65, 29.25, 15.55
2071, 5, 16.3, 14.49, 14.78, 22.73
2071, 6, 22.14, 22.48, 0.9366, 0.4157
2071, 7, 25.06, 26.46, 0, 0
2071, 8, 23.46, 25.48, 0.006279, 0.0003447
2071, 9, 23.35, 24.18, 0.08359, 0.003707
2071, 10, 22.32, 21.16, 10.69, 13.61
2071, 11, 17.23, 14.55, 1.015, 0.7268
2071, 12, 11.89, 9.231, 7.651, 6.188
2072, 1, 11.43, 8.592, 149.6, 132.7
2072, 2, 11.9, 9.346, 72.18, 72.06
2072, 3, 16.26, 13.34, 83.04, 65.33
2072, 4, 15.85, 13.46, 41.27, 36.01
2072, 5, 19.15, 18.38, 1.342, 0.9862
2072, 6, 22.51, 23.48, 0.006532, 0
2072, 7, 24.31, 26.49, 0.0004938, 0
2072, 8, 24.21, 25.41, 0.06884, 0.1142
2072, 9, 24.28, 24.35, 6.123, 6.409
2072, 10, 21.8, 21.16, 1.497, 0.8521
2072, 11, 15.27, 12.73, 70.08, 57.22
2072, 12, 10.83, 8.439, 27.62, 39.41
2073, 1, 11.22, 8.593, 143.8, 115.4
2073, 2, 14.86, 12.29, 77.71, 48.17
2073, 3, 11.9, 8.668, 16.64, 28.06
2073, 4, 16.03, 14.25, 21.83, 9.626
2073, 5, 20.61, 19.89, 1.071, 2.875
2073, 6, 21.71, 21.69, 0.2364, 0.6135
2073, 7, 25.41, 27.15, 0.002229, 0.0003762
2073, 8, 24.08, 25.66, 0.02198, 0.0002979
2073, 9, 23.44, 24.2, 0.005806, 0.0007943
2073, 10, 21.31, 21.18, 0.05585, 0.005434
2073, 11, 16.93, 14.65, 8.376, 18.12
2073, 12, 12.42, 10.22, 11.73, 5.68
2074, 1, 11.08, 8.471, 288, 309
2074, 2, 14.12, 11.47, 114.9, 110
2074, 3, 15.5, 12.93, 196, 200
2074, 4, 16.36, 14.14, 54.48, 37.34
2074, 5, 18.08, 16.56, 11.33, 15.84
2074, 6, 22.7, 23.16, 0.01339, 0.01261
2074, 7, 24.2, 24.65, 0.1256, 0.07676
2074, 8, 25.08, 26.87, 0.01396, 0
2074, 9, 25.23, 25.42, 0.09603, 0.002973
2074, 10, 21, 18.9, 24.06, 36.87
2074, 11, 15.18, 12.74, 5.961, 6.436
2074, 12, 11.73, 9.424, 48.88, 52.95
2075, 1, 10.69, 8.497, 7.317, 2.929
2075, 2, 12.33, 10.4, 113.7, 77.71
2075, 3, 15.96, 14.28, 0.4299, 0.05483
2075, 4, 17.31, 15.02, 44.91, 39.23
2075, 5, 21.6, 21.58, 2.982, 0.9556
2075, 6, 23.49, 24.08, 0.00507, 0.0008634
2075, 7, 26.56, 28.89, 0.006649, 0.05318
2075, 8, 26.6, 28.96, 0.03937, 0.0242
2075, 9, 24.04, 24.13, 7.225, 2.746
2075, 10, 25.6, 24.24, 7.222, 7.118
2075, 11, 17.38, 15.68, 16.25, 26.62
2075, 12, 12.51, 10.31, 153.7, 162.1
2076, 1, 13.33, 11.97, 345.1, 377.8
2076, 2, 14.14, 11.78, 42.51, 27.91
2076, 3, 14.23, 11.98, 115.1, 130.9
2076, 4, 20.82, 19.69, 8.7, 17.22
2076, 5, 21.96, 21.24, 13.04, 13.8
2076, 6, 23.04, 23.34, 0, 0
2076, 7, 25.41, 27.31, 0.06545, 1.831
2076, 8, 25.26, 26.66, 0.0269, 0.0398
2076, 9, 28.54, 28.19, 4.762, 7.678
2076, 10, 22.82, 21.07, 19.4, 6.775
2076, 11, 17.17, 15.01, 84.09, 77.09
2076, 12, 13, 10.92, 204.6, 236.2
2077, 1, 11.73, 9.874, 310.4, 334.8
2077, 2, 12.28, 9.718, 88.68, 110
2077, 3, 13.8, 11.59, 50.02, 58.55
2077, 4, 16.21, 14.64, 15.21, 13.69
2077, 5, 22.22, 21.35, 0.8409, 0.01284
2077, 6, 23.09, 23.23, 0.01677, 0
2077, 7, 25.33, 26.88, 0.03112, 0.0007668
2077, 8, 24.72, 26.89, 0.05732, 0.3692
2077, 9, 24.88, 24.15, 0.2749, 0.3101
2077, 10, 21.53, 19.83, 0.717, 0.01088
2077, 11, 15.6, 13.34, 16.85, 12.55
2077, 12, 11.82, 9.594, 15.93, 5.477
2078, 1, 11.47, 8.903, 47.54, 31.85
2078, 2, 12.75, 10.08, 121.4, 83.47
2078, 3, 15.07, 13.1, 31.33, 25.5
2078, 4, 19.49, 17.88, 10.76, 5.871
2078, 5, 22.78, 22.18, 2.523, 0.3747
2078, 6, 23.91, 24.64, 0.04784, 0.00577
2078, 7, 25.22, 27.66, 0.004543, 0
2078, 8, 24.78, 27, 0.05221, 0.05716
2078, 9, 21.48, 21.96, 0.03191, 0.0001147
2078, 10, 20.79, 18.78, 25.43, 43.66
2078, 11, 13.79, 11.39, 6.022, 15.32
2078, 12, 13.07, 10.44, 214.5, 211.7
2079, 1, 10.81, 8.811, 84.06, 58.74
2079, 2, 14.1, 11.3, 50.16, 26.96
2079, 3, 12.66, 9.936, 108.3, 122.4
2079, 4, 18.23, 17.15, 17.98, 19.95
2079, 5, 19.34, 17.56, 21.49, 19.12
2079, 6, 22.12, 21.83, 26.67, 12.56
2079, 7, 24.28, 24.75, 0.03004, 0.01853
2079, 8, 23.85, 24.5, 0.06581, 0.627
2079, 9, 23.14, 22.4, 0.0002039, 0
2079, 10, 21.05, 20.24, 0.06222, 0.6854
2079, 11, 18.85, 17.08, 32.84, 26.99
2079, 12, 13.22, 10.61, 119.8, 115.2
2080, 1, 12.63, 10.91, 88.85, 71.32
2080, 2, 14.77, 12.22, 115.1, 119.1
2080, 3, 13.78, 10.96, 72.13, 80.72
2080, 4, 15.19, 12.55, 69.87, 84.87
2080, 5, 20.91, 20.16, 0.5542, 0.141
2080, 6, 24.18, 24.8, 0.2003, 0.1659
2080, 7, 25.63, 27.25, 0.002823, 0.0009534
2080, 8, 23.64, 23.81, 0.08195, 1.248
2080, 9, 25.32, 25.27, 0.03779, 0.002844
2080, 10, 27.14, 25.67, 3.109, 1.22
2080, 11, 15.88, 12.99, 91.86, 77.12
2080, 12, 11.77, 9.293, 121, 147.7
2081, 1, 10.46, 8.291, 67.21, 102.5
2081, 2, 15.51, 13.51, 4.752, 2.764
2081, 3, 15.88, 14.04, 58.1, 55.07
2081, 4, 14.57, 11.64, 22.95, 15.87
2081, 5, 20.49, 20.37, 12.61, 13.22
2081, 6, 25.07, 26.38, 0.002073, 0
2081, 7, 24.5, 26.09, 0.01883, 0.01351
2081, 8, 23.88, 25.48, 0.2419, 3.946
2081, 9, 26.17, 26.55, 11.06, 7.537
2081, 10, 22.84, 20.8, 42.85, 35.13
2081, 11, 13.37, 10.39, 21.73, 14.32
2081, 12, 13.41, 10.9, 167.1, 166.3
2082, 1, 12.26, 10.23, 160.8, 153.7
2082, 2, 15.17, 12.7, 97.47, 92.12
2082, 3, 16.1, 14.05, 107.3, 119.1
2082, 4, 17.85, 16.05, 13.66, 12.78
2082, 5, 21.62, 20.52, 0.05374, 0.01777
2082, 6, 23.73, 23.67, 0.01823, 0.0001661
2082, 7, 23.82, 24.89, 0.001902, 0.001103
2082, 8, 25.36, 26.59, 0.008876, 0.002312
2082, 9, 25.9, 25.91, 0.002641, 0.01301
2082, 10, 24.95, 23.65, 1.145, 1.251
2082, 11, 16.7, 14.27, 3.103, 0.7735
2082, 12, 13.79, 11.49, 149.3, 107.8
2083, 1, 12.23, 9.976, 132.1, 79.99
2083, 2, 14.34, 11.87, 84.02, 94.43
2083, 3, 16.12, 13.87, 107.2, 95.45
2083, 4, 16.09, 13.1, 100.1, 143.2
2083, 5, 19.06, 18.23, 9.834, 23.55
2083, 6, 23.77, 23.28, 0.001337, 0.0001223
2083, 7, 25.1, 26.76, 0.0005335, 0.0001252
2083, 8, 25.89, 28.04, 0.04114, 0.0345
2083, 9, 24.02, 24.18, 0.02173, 0.0008361
2083, 10, 24.22, 22.68, 8.15, 8.742
2083, 11, 14.94, 12.03, 43.82, 40.95
2083, 12, 11.03, 8.126, 45.73, 49.04
2084, 1, 11.09, 8.156, 229.8, 244.9
2084, 2, 11.33, 8.871, 4.43, 4.158
2084, 3, 13.9, 11.12, 155.8, 158.2
2084, 4, 16.89, 14.87, 17.72, 19.92
2084, 5, 21.8, 22.03, 0.0005283, 0.0004232
2084, 6, 24.51, 24.05, 0.01817, 7.84E-5
2084, 7, 24.54, 25.73, 0.0003958, 0
2084, 8, 24.5, 26.17, 0.05156, 0.005894
2084, 9, 23.41, 23.21, 0.6755, 0.953
2084, 10, 24, 23.33, 0.306, 0.03078
2084, 11, 16.43, 14.04, 39.97, 28.54
2084, 12, 11.34, 8.36, 171.2, 157.5
2085, 1, 11.63, 9.187, 234.3, 204.7
2085, 2, 15.15, 13.24, 16.16, 14.08
2085, 3, 17.39, 15.45, 87.78, 96.31
2085, 4, 14.62, 12.01, 37.22, 30.96
2085, 5, 21.5, 21.15, 0.029, 0.0001646
2085, 6, 24.18, 24.73, 0.01423, 7.359E-5
2085, 7, 24.63, 26.68, 0.04826, 1.208
2085, 8, 25.1, 26.6, 0.05964, 0.000112
2085, 9, 24.78, 24.84, 0.009058, 1.982E-5
2085, 10, 21.81, 19.23, 13.63, 15.33
2085, 11, 16.2, 13.41, 13.53, 9.742
2085, 12, 11.64, 8.868, 110.2, 136.2
2086, 1, 11.2, 9.002, 107.7, 134.4
2086, 2, 13.28, 9.941, 77.23, 72.26
2086, 3, 13.39, 10.55, 26.94, 33
2086, 4, 15.25, 13.32, 27.8, 36.12
2086, 5, 20.74, 19.88, 0.7311, 0.8156
2086, 6, 24.04, 25.11, 0.0003599, 0
2086, 7, 25.02, 26.02, 0.02572, 0.0003603
2086, 8, 27.06, 28.82, 0.006897, 0
2086, 9, 23.83, 23.42, 0.05722, 0.001231
2086, 10, 20.62, 18.52, 94.47, 69.17
2086, 11, 18.1, 15.94, 13.19, 7.646
2086, 12, 10.18, 7.111, 100.4, 82.26
2087, 1, 13.6, 11.06, 182.7, 198.1
2087, 2, 13.98, 11.16, 65.48, 72.78
2087, 3, 13.71, 10.82, 182.2, 222.5
2087, 4, 15.88, 13.95, 2.125, 0.9626
2087, 5, 21.02, 19.93, 2.921, 1.369
2087, 6, 26.46, 27.02, 0.3425, 0.0295
2087, 7, 25.53, 27.28, 0.0001757, 5.37E-5
2087, 8, 25.98, 27.81, 0.1198, 1.491
2087, 9, 23.66, 23.32, 2.42, 0.4385
2087, 10, 21.48, 18.89, 81.87, 80.69
2087, 11, 16.63, 14, 14.09, 11.24
2087, 12, 11.49, 8.969, 7.65, 5.779
2088, 1, 12.53, 9.671, 52.04, 42.09
2088, 2, 15.42, 13.22, 190.9, 114.9
2088, 3, 15.63, 13.51, 60.72, 49.1
2088, 4, 17.91, 16.49, 10.43, 7.555
2088, 5, 19.33, 17.94, 1.495, 0.2318
2088, 6, 23.17, 23.53, 0.002365, 0
2088, 7, 25.07, 25.65, 0.01213, 0.002714
2088, 8, 26.28, 27.96, 0.2725, 2.123
2088, 9, 24.63, 24.75, 0.05714, 0.001278
2088, 10, 24.54, 22.95, 6.304, 11.95
2088, 11, 16.86, 14.09, 17.11, 15.72
2088, 12, 10.18, 7.391, 16.87, 18.65
2089, 1, 11.37, 8.898, 81.97, 92.66
2089, 2, 14.41, 12.09, 155.9, 127.7
2089, 3, 14.21, 11.81, 155.8, 158.5
2089, 4, 18.13, 16.25, 16.35, 11.03
2089, 5, 22.32, 21.47, 1.366, 3.235
2089, 6, 23.55, 23.37, 0.01496, 0.003828
2089, 7, 25.33, 26.94, 0.006725, 0.001079
2089, 8, 26.32, 27.24, 0.002935, 0.001218
2089, 9, 27.04, 26.54, 0.01594, 0.0006356
2089, 10, 27.53, 25.71, 0.01318, 0
2089, 11, 19.27, 17.15, 48.57, 44.88
2089, 12, 9.732, 6.914, 2.976, 5.408
2090, 1, 9.911, 7.39, 52.6, 26.67
2090, 2, 9.926, 7.339, 160.7, 144.8
2090, 3, 16.39, 15.2, 0.8254, 0.05032
2090, 4, 20.05, 19.07, 0, 0
2090, 5, 22.33, 22.96, 0, 0
2090, 6, 24.96, 26.57, 0.0005622, 0
2090, 7, 25.14, 27.61, 0.009357, 0.00336
2090, 8, 25.94, 27.65, 0.005312, 0.0001201
2090, 9, 27.86, 27.55, 0.2296, 0.1065
2090, 10, 25.36, 24.58, 0.3017, 3.065
2090, 11, 20.06, 18.02, 5.628, 1.845
2090, 12, 13.2, 10.91, 112, 123.2
2091, 1, 13.07, 11.1, 256.8, 294.3
2091, 2, 13.2, 10.55, 132.3, 115.7
2091, 3, 14.31, 11.69, 171.7, 140.9
2091, 4, 15.03, 12.93, 15.27, 14.12
2091, 5, 19.11, 17.33, 6.771, 6.713
2091, 6, 22.74, 22.21, 23.54, 17.99
2091, 7, 26.04, 26.57, 0.001639, 0.0008298
2091, 8, 26.39, 27.35, 0.0862, 0.003931
2091, 9, 26.34, 26.26, 0.06385, 0.008624
2091, 10, 20.82, 19.46, 0.61, 0.1519
2091, 11, 16.8, 15.1, 22.75, 35.4
2091, 12, 12.96, 10.63, 5.646, 1.559
2092, 1, 15.52, 13.5, 11.26, 7.042
2092, 2, 17.89, 16.23, 0.04416, 0.05388
2092, 3, 18.47, 17.03, 63.01, 33.67
2092, 4, 18.05, 15.99, 41, 39.33
2092, 5, 22.51, 22.63, 1.189, 3.719
2092, 6, 25.46, 26.61, 0.0004754, 0
2092, 7, 25.63, 27.76, 0.003909, 0.000754
2092, 8, 26.54, 28.71, 0.5243, 0.8809
2092, 9, 26.58, 27.22, 0.06288, 0
2092, 10, 22.64, 20.49, 95.9, 121.9
2092, 11, 16.93, 14.51, 30.41, 23.51
2092, 12, 13.34, 11.24, 5.082, 1.933
2093, 1, 13.43, 11.44, 313.1, 305.6
2093, 2, 14.24, 11.53, 46.04, 41.54
2093, 3, 15.45, 12.9, 144.9, 116.3
2093, 4, 17.28, 15.32, 10.88, 9.328
2093, 5, 18.57, 17.18, 4.473, 4.36
2093, 6, 22.77, 21.89, 0.5516, 6.759
2093, 7, 26.53, 27.87, 0.9611, 0.1088
2093, 8, 25.02, 26.44, 0.4077, 0.3808
2093, 9, 24.84, 24.5, 2.996, 0.07803
2093, 10, 22.14, 20.4, 0.08943, 0.0107
2093, 11, 15.86, 13.7, 15.47, 21.15
2093, 12, 14.62, 12.54, 11.1, 5.048
2094, 1, 12.57, 10.37, 321.1, 305.6
2094, 2, 14.64, 12.24, 35.64, 49.24
2094, 3, 16.87, 14.6, 108.9, 93.08
2094, 4, 17.21, 15.01, 17.01, 9.206
2094, 5, 22.27, 21.02, 7.126, 5.802
2094, 6, 26.19, 26.95, 0, 0
2094, 7, 25.5, 28.31, 0.03793, 0.02167
2094, 8, 28.66, 30.02, 0.06803, 0.03923
2094, 9, 25.01, 25.43, 0.05073, 0.003243
2094, 10, 23.6, 22.34, 0.304, 0.008154
2094, 11, 16.68, 14.39, 26.18, 16.84
2094, 12, 11.43, 8.626, 207.9, 192.8
2095, 1, 12.22, 9.266, 295, 342.5
2095, 2, 12.18, 9.171, 43.47, 40.31
2095, 3, 13.83, 10.9, 235.4, 257
2095, 4, 15.88, 13.32, 10.29, 8.329
2095, 5, 18.15, 16.42, 7.205, 5.564
2095, 6, 23.32, 22.88, 0.05697, 0.01031
2095, 7, 25.45, 25.6, 0.0161, 0.01169
2095, 8, 24.86, 25.29, 0.7894, 0.05486
2095, 9, 25.29, 24.6, 0.01288, 0.3131
2095, 10, 25.32, 22.97, 7.272, 17.85
2095, 11, 17.33, 14.59, 32.51, 20.79
2095, 12, 12.56, 10.31, 2.116, 0.6067
2096, 1, 14.48, 12.62, 65.32, 48.85
2096, 2, 14.06, 11.63, 91.61, 80.96
2096, 3, 16.25, 14.18, 92.7, 94.26
2096, 4, 17.84, 15.82, 16.47, 11.07
2096, 5, 19.64, 18.75, 2.96, 5.815
2096, 6, 24.13, 24.05, 4.665, 3.888
2096, 7, 27.3, 29.26, 0, 0
2096, 8, 26.23, 27.32, 0.1016, 0.003479
2096, 9, 27.07, 27.46, 0.00195, 0
2096, 10, 25.3, 24.11, 0.07525, 0.008846
2096, 11, 17.76, 16.08, 12.78, 6.712
2096, 12, 13.44, 11.11, 70.64, 33.6
2097, 1, 13.73, 11.51, 22.35, 10.4
2097, 2, 16.62, 14.69, 68.27, 100.7
2097, 3, 17.23, 15.09, 19.47, 15.57
2097, 4, 20, 18.36, 0.315, 1.675
2097, 5, 24.23, 22.8, 5.568, 6.565
2097, 6, 24.86, 24.89, 0, 0
2097, 7, 26.64, 27.64, 0.002009, 0.0013
2097, 8, 27.59, 29.35, 0.000198, 0
2097, 9, 27.43, 27.2, 0.04966, 0.00238
2097, 10, 21.36, 20.01, 0.1251, 0.01047
2097, 11, 17.95, 16.03, 4.428, 1.074
2097, 12, 10.46, 8.196, 26.08, 26.01
2098, 1, 11.97, 9.788, 3.411, 2.314
2098, 2, 14.33, 12.26, 151.9, 99.85
2098, 3, 15.23, 12.73, 209.2, 248.8
2098, 4, 19.18, 18.38, 10.47, 11.56
2098, 5, 18.83, 16.22, 27.07, 29.81
2098, 6, 24.78, 24.42, 0.0006059, 0.0001533
2098, 7, 26.84, 28.04, 0.002258, 0.0003798
2098, 8, 26.65, 28.34, 0.01982, 0.0006351
2098, 9, 25.7, 25.01, 0.04088, 0.0039
2098, 10, 23.67, 22.34, 10.13, 4.899
2098, 11, 17.06, 14.62, 37.63, 59.33
2098, 12, 11.96, 9.215, 11.6, 14.6
2099, 1, 13.95, 11.4, 9.277, 11.2
2099, 2, 17.75, 15.73, 76.09, 45.23
2099, 3, 16.88, 15.22, 19.23, 24.41
2099, 4, 17.4, 14.89, 25.47, 22.36
2099, 5, 21.27, 20.3, 11.63, 13.49
2099, 6, 26.43, 27.32, 0.001021, 0
2099, 7, 26.88, 29.06, 0.003138, 0.001113
2099, 8, 26.26, 27.76, 0.0658, 0.01316
2099, 9, 25.31, 24.44, 33.87, 15.67
2099, 10, 23.79, 22.49, 3.923, 1.523
2099, 11, 15.31, 12.65, 7.248, 5.17
2099, 12, 10.56, 8.188, 61.5, 35.84
